P2691__1__0___3696.txt 0.898061 0.868641 0.185781 0.917734 0.187809 0.919885 0.135745 0.870792 0.133717
P2691__1__1848___2772.txt 0.867504 0.851488 0.795915 0.934702 0.80625 0.945531 0.719057 0.862317 0.708722
P2691__1__1848___3696.txt 0.877298 0.998753 0.146068 1.00047 0.0932528 0.942833 0.0913746 0.941112 0.14419
P2691__1__1848___924.txt 0.844764 0.953674 0.458676 0.960862 0.436614 0.935883 0.428476 0.928696 0.450539
P2691__1__2772___1848.txt 0.935823 0.852733 0.573862 0.876428 0.525534 0.819224 0.497487 0.795529 0.545815
P2691__1__2772___2772.txt 0.926666 0.710966 0.53497 0.842426 0.546191 0.854064 0.409855 0.722603 0.398633
P2691__1__2772___3696.txt 0.900664 0.518221 0.603727 0.56003 0.60384 0.560151 0.558813 0.518343 0.5587
P2691__1__2772___924.txt 0.7738 0.0516764 0.457975 0.0585354 0.435677 0.0335159 0.427981 0.0266569 0.450279
P2691__1__3696___1848.txt 0.834672 -0.0217518 0.608022 0.0204747 0.631646 0.0448575 0.588061 0.00263097 0.564438
P2691__1__3696___2772.txt 0.908683 0.301998 0.486771 0.333099 0.417969 0.259128 0.384531 0.228026 0.453333
P2691__1__3696___924.txt 0.866075 0.951696 0.829296 1.00786 0.831409 1.01168 0.729908 0.955516 0.727795
P2691__1__4620___924.txt 0.949208 0.0466899 0.827316 0.125988 0.835271 0.13616 0.733874 0.0568625 0.725918
P2691__1__924___1848.txt 0.924151 0.66364 0.486906 0.670471 0.456979 0.636503 0.449225 0.629671 0.479152
P2691__1__924___4620.txt 0.725171 0.684894 0.301502 0.687889 0.273369 0.658536 0.270244 0.655541 0.298377
P2741__1__1548___1567.txt 0.891627 0.360554 0.395865 0.463255 0.396683 0.464193 0.278933 0.361492 0.278114
P2741__1__1548___924.txt 0.825829 0.364591 0.999941 0.454058 1.0006 0.45477 0.903855 0.365302 0.903197
P2746__1__0___1444.txt 0.927063 0.769982 0.580093 0.802901 0.458936 0.671085 0.423121 0.638166 0.544278
P2746__1__0___924.txt 0.922769 0.975089 0.898639 1.00098 0.772676 0.870753 0.745903 0.844858 0.871866
P2746__1__1848___0.txt 0.940073 0.835987 0.447827 0.842309 0.321607 0.714079 0.315185 0.707758 0.441405
P2746__1__924___1444.txt 0.92563 0.19066 0.278606 0.203193 0.156264 0.0778798 0.143427 0.0653472 0.265769
P2746__1__924___924.txt 0.918801 0.193167 0.784269 0.197016 0.662765 0.0727029 0.658827 0.0688539 0.780331
P2691__1__0___3696.txt 0.898061 0.868641 0.185781 0.917734 0.187809 0.919885 0.135745 0.870792 0.133717
P2691__1__1848___2772.txt 0.867504 0.851488 0.795915 0.934702 0.80625 0.945531 0.719057 0.862317 0.708722
P2691__1__1848___3696.txt 0.877298 0.998753 0.146068 1.00047 0.0932528 0.942833 0.0913746 0.941112 0.14419
P2691__1__1848___924.txt 0.844764 0.953674 0.458676 0.960862 0.436614 0.935883 0.428476 0.928696 0.450539
P2691__1__2772___1848.txt 0.935823 0.852733 0.573862 0.876428 0.525534 0.819224 0.497487 0.795529 0.545815
P2691__1__2772___2772.txt 0.926666 0.710966 0.53497 0.842426 0.546191 0.854064 0.409855 0.722603 0.398633
P2691__1__2772___3696.txt 0.900664 0.518221 0.603727 0.56003 0.60384 0.560151 0.558813 0.518343 0.5587
P2691__1__2772___924.txt 0.7738 0.0516764 0.457975 0.0585354 0.435677 0.0335159 0.427981 0.0266569 0.450279
P2691__1__3696___1848.txt 0.834672 -0.0217518 0.608022 0.0204747 0.631646 0.0448575 0.588061 0.00263097 0.564438
P2691__1__3696___2772.txt 0.908683 0.301998 0.486771 0.333099 0.417969 0.259128 0.384531 0.228026 0.453333
P2691__1__3696___924.txt 0.866075 0.951696 0.829296 1.00786 0.831409 1.01168 0.729908 0.955516 0.727795
P2691__1__4620___924.txt 0.949208 0.0466899 0.827316 0.125988 0.835271 0.13616 0.733874 0.0568625 0.725918
P2691__1__924___1848.txt 0.924151 0.66364 0.486906 0.670471 0.456979 0.636503 0.449225 0.629671 0.479152
P2691__1__924___4620.txt 0.725171 0.684894 0.301502 0.687889 0.273369 0.658536 0.270244 0.655541 0.298377
P2741__1__1548___1567.txt 0.891627 0.360554 0.395865 0.463255 0.396683 0.464193 0.278933 0.361492 0.278114
P2741__1__1548___924.txt 0.825829 0.364591 0.999941 0.454058 1.0006 0.45477 0.903855 0.365302 0.903197
P2746__1__0___1444.txt 0.927063 0.769982 0.580093 0.802901 0.458936 0.671085 0.423121 0.638166 0.544278
P2746__1__0___924.txt 0.922769 0.975089 0.898639 1.00098 0.772676 0.870753 0.745903 0.844858 0.871866
P2746__1__1848___0.txt 0.940073 0.835987 0.447827 0.842309 0.321607 0.714079 0.315185 0.707758 0.441405
P2746__1__924___1444.txt 0.92563 0.19066 0.278606 0.203193 0.156264 0.0778798 0.143427 0.0653472 0.265769
P2746__1__924___924.txt 0.918801 0.193167 0.784269 0.197016 0.662765 0.0727029 0.658827 0.0688539 0.780331
