P2687__1__1714___3696.txt 0.85439 0.0313172 0.101904 0.049125 0.11113 0.0728995 0.0652395 0.0550918 0.0560138
P2687__1__1714___4484.txt 0.836103 0.0728856 0.123803 0.0959986 0.12024 0.0866818 0.0598037 0.0635688 0.0633669
P2690__1__0___0.txt 0.779744 0.629178 0.470846 0.646977 0.468587 0.635675 0.379558 0.617877 0.381817
P2690__1__0___1261.txt 0.852023 0.808992 0.533014 0.828144 0.526988 0.795473 0.42315 0.77632 0.429177
P2690__1__0___924.txt 0.880182 0.544663 1.00159 0.562875 0.997103 0.545872 0.928094 0.527661 0.932581
P2690__1__924___0.txt 0.689966 0.279993 0.469926 0.297974 0.472254 0.308021 0.394632 0.290041 0.392305
P2690__1__924___1261.txt 0.746425 0.448225 0.618889 0.47626 0.611626 0.447463 0.500461 0.419428 0.507723
P2690__1__924___924.txt 0.748867 0.446912 0.948356 0.476582 0.940728 0.447661 0.828237 0.417991 0.835865
P2692__1__0___0.txt 0.835155 0.954663 0.301153 0.971409 0.29042 0.912728 0.198862 0.895982 0.209595
P2692__1__0___1261.txt 0.775709 0.95257 0.176795 0.972401 0.173213 0.956266 0.0838953 0.936435 0.0874778
P2692__1__0___924.txt 0.751251 0.952471 0.504825 0.972109 0.501353 0.956575 0.413485 0.936937 0.416957
P2692__1__1662___0.txt 0.782709 0.245598 0.802379 0.259396 0.781326 0.15091 0.710228 0.137113 0.731281
P2692__1__1662___1261.txt 0.848979 0.0529754 0.497718 0.0729258 0.508233 0.114984 0.428438 0.0950338 0.417922
P2692__1__1662___924.txt 0.849367 0.0530378 0.826865 0.0731086 0.837429 0.114886 0.758054 0.0948156 0.74749
P2692__1__924___0.txt 0.844692 0.174189 0.708038 0.192209 0.697709 0.139839 0.606336 0.121819 0.616664
P2692__1__924___1261.txt 0.860799 0.773527 0.498413 0.793396 0.508865 0.835696 0.42845 0.815827 0.417999
P2692__1__924___924.txt 0.855304 0.773729 0.82774 0.793443 0.838098 0.835587 0.757892 0.815873 0.747533
P2693__1__0___0.txt 0.727518 0.898654 0.635751 0.916532 0.648768 0.968666 0.577164 0.950788 0.564147
P2693__1__0___1475.txt 0.773571 0.43212 0.561289 0.458638 0.586598 0.588155 0.450891 0.561636 0.425582
P2693__1__0___924.txt 0.845928 0.619315 0.515795 0.63484 0.52709 0.692157 0.448313 0.676632 0.437018
P2693__1__1131___0.txt 0.854553 0.238433 0.710872 0.255809 0.715787 0.277447 0.639293 0.260071 0.634378
P2693__1__1131___924.txt 0.775224 0.0312616 0.101609 0.0449878 0.110381 0.0854152 0.0471177 0.071689 0.0383461
P2693__1__924___0.txt 0.855604 0.440458 0.710491 0.457845 0.715475 0.479751 0.639057 0.462364 0.634072
P2693__1__924___924.txt 0.814873 0.192637 0.0781719 0.206719 0.08757 0.248389 0.0251325 0.234308 0.0157344
P2702__1__863___0.txt 0.680119 0.948844 0.101478 0.955978 0.0771002 0.831297 0.0406141 0.824163 0.0649921
P2704__1__0___0.txt 0.856269 0.71789 0.473706 0.748854 0.462329 0.694218 0.313629 0.663254 0.325006
P2704__1__1848___0.txt 0.803792 0.870986 0.801858 0.905797 0.778062 0.79708 0.619016 0.762268 0.642812
P2704__1__924___885.txt 0.827249 0.216815 0.485383 0.238693 0.509949 0.345581 0.414761 0.323703 0.390195
P2706__1__0___0.txt 0.885363 0.553787 0.75275 0.570922 0.766417 0.619595 0.705394 0.602459 0.691727
P2706__1__0___322.txt 0.892273 0.623147 0.510308 0.644764 0.525607 0.69067 0.46074 0.669053 0.445442
P2706__1__724___0.txt 0.896855 0.458047 0.386032 0.464191 0.362681 0.392192 0.343737 0.386048 0.367088
P2706__1__724___322.txt 0.886419 0.458759 0.0719668 0.464924 0.0484326 0.392539 0.029469 0.386374 0.0530032
P2708__1__0___0.txt 0.815138 0.959904 0.54545 0.975012 0.532358 0.927699 0.47776 0.912591 0.490853
P2708__1__1848___924.txt 0.786962 0.232127 0.478565 0.245941 0.463062 0.165461 0.391347 0.151647 0.40685
P2708__1__1898___924.txt 0.751721 0.182684 0.478178 0.196559 0.462711 0.116265 0.390682 0.102391 0.406148
P2708__1__924___0.txt 0.868298 0.842237 0.698564 0.867227 0.668879 0.688469 0.518389 0.663478 0.548073
P2710__1__0___1354.txt 0.822132 0.757748 0.891572 0.783676 0.887778 0.765123 0.760976 0.739195 0.76477
P2710__1__0___924.txt 0.802455 0.653017 0.664209 0.655266 0.67882 0.713622 0.669838 0.711373 0.655227
P2712__1__0___0.txt 0.878122 0.700941 0.326535 0.718489 0.33197 0.732231 0.2876 0.714683 0.282165
P2712__1__0___325.txt 0.850604 0.595733 0.0397931 0.619245 0.0458825 0.630992 0.000526663 0.60748 -0.00556273
P2712__1__924___0.txt 0.824799 0.0668116 0.942566 0.100821 0.950098 0.142573 0.761562 0.108563 0.75403
P2712__1__924___325.txt 0.868216 0.0033309 0.869714 0.0397908 0.896297 0.152532 0.741663 0.116072 0.715081
P2712__1__981___0.txt 0.851256 0.0122876 0.938836 0.0466604 0.946591 0.0875999 0.765123 0.0532272 0.757368
P2712__1__981___325.txt 0.859733 0.0127723 0.623113 0.0470237 0.630749 0.0878352 0.44769 0.0535837 0.440054
P2727__1__0___0.txt 0.860484 0.843334 0.935237 0.865083 0.953775 0.946754 0.857962 0.925005 0.839423
P2727__1__0___427.txt 0.857387 0.84453 0.517653 0.866854 0.536288 0.945974 0.441508 0.923651 0.422873
P2727__1__633___0.txt 0.820225 0.22329 0.937059 0.244627 0.955454 0.325594 0.861541 0.304257 0.843146
P2727__1__633___427.txt 0.843892 0.224923 0.517247 0.247774 0.536565 0.329296 0.440134 0.306445 0.420816
P2728__1__1848___0.txt 0.805721 0.879185 0.560564 0.888149 0.543296 0.800468 0.497781 0.791505 0.515048
P2728__1__1920___0.txt 0.831065 0.969036 0.728219 0.981286 0.709446 0.877068 0.64144 0.864818 0.660213
P2729__1__0___0.txt 0.762915 0.534864 0.763248 0.545163 0.74624 0.478848 0.706082 0.468549 0.72309
P2729__1__0___1605.txt 0.841867 0.819108 0.0900991 0.831844 0.0744275 0.77914 0.0315957 0.766404 0.0472673
P2729__1__0___924.txt 0.855542 0.931833 0.984519 0.945431 0.964766 0.861817 0.907205 0.848219 0.926958
P2729__1__1848___924.txt 0.663261 0.533268 0.761986 0.569419 0.745974 0.489676 0.565931 0.453524 0.581943
P2729__1__924___1605.txt 0.873466 0.180387 0.315677 0.194975 0.292925 0.0839863 0.221763 0.0693987 0.244514
P2729__1__924___924.txt 0.875224 0.178922 0.978424 0.193344 0.955599 0.0833791 0.88612 0.0689574 0.908946
P2730__1__0___0.txt 0.841529 0.274763 1.02477 0.304149 0.989304 0.187622 0.892756 0.158236 0.928223
P2730__1__0___410.txt 0.839305 0.27277 0.62222 0.302428 0.58611 0.190815 0.494439 0.161157 0.530549
P2731__1__0___0.txt 0.73533 0.423303 0.465328 0.445212 0.486318 0.522222 0.405938 0.500313 0.384947
P2731__1__0___3696.txt 0.624835 0.876548 0.636807 0.887972 0.633316 0.874194 0.588224 0.86277 0.591715
P2731__1__2772___0.txt 0.804716 0.6692 0.784048 0.672791 0.733746 0.492381 0.720868 0.48879 0.77117
P2731__1__2772___1848.txt 0.780881 0.957751 0.999932 0.983737 0.993658 0.95904 0.891366 0.933054 0.897639
P2731__1__2772___2772.txt 0.616224 0.589789 0.727136 0.629389 0.7151 0.588254 0.57976 0.548654 0.591796
P2731__1__2772___924.txt 0.786387 0.895612 0.649863 0.904446 0.650405 0.906326 0.619704 0.897493 0.619163
P2731__1__3696___1848.txt 0.700796 0.0544944 1.00293 0.0800829 0.996885 0.0554543 0.892586 0.0298658 0.898628
P2731__1__3696___2772.txt 0.720309 0.410687 1.01867 0.461109 1.00179 0.374136 0.74188 0.323715 0.758752
P2731__1__3696___3696.txt 0.761411 0.427336 0.135657 0.4708 0.120702 0.421868 -0.0215031 0.378404 -0.00654747
P2731__1__3889___0.txt 0.628321 0.126333 0.386677 0.155051 0.404267 0.23395 0.275459 0.205232 0.257869
P2731__1__3889___2772.txt 0.722909 0.222241 1.01847 0.271316 1.00216 0.184044 0.739687 0.134969 0.756005
P2731__1__3889___3696.txt 0.760869 0.23904 0.135678 0.284289 0.119084 0.234894 -0.0156115 0.189645 0.000982272
P2731__1__924___2772.txt 0.732629 0.827818 0.717099 0.891341 0.700202 0.817867 0.423984 0.754344 0.440881
P2731__1__924___3696.txt 0.739272 0.089405 0.42976 0.09561 0.446006 0.137738 0.429916 0.131533 0.41367
P2731__1__924___3871.txt 0.807908 0.087213 0.259322 0.0933424 0.275437 0.136211 0.259132 0.130082 0.243017
P2732__1__0___1608.txt 0.782308 0.601674 0.523245 0.612484 0.510683 0.545237 0.452815 0.534427 0.465376
P2732__1__0___924.txt 0.668528 0.701124 0.94978 0.73012 0.975991 0.857843 0.834702 0.828848 0.808491
P2732__1__1848___0.txt 0.756364 0.735575 0.825755 0.745841 0.81961 0.718796 0.774426 0.70853 0.780571
P2732__1__1848___1608.txt 0.623907 0.892965 0.651137 0.910756 0.656977 0.942897 0.559058 0.925106 0.553219
P2732__1__2063___0.txt 0.833612 0.815444 0.448627 0.825311 0.446636 0.816695 0.403941 0.806828 0.405932
P2732__1__2063___1608.txt 0.758688 0.951811 0.280844 0.96338 0.278505 0.953761 0.230912 0.942192 0.23325
P2732__1__2063___924.txt 0.776407 0.952466 0.94758 0.963033 0.945314 0.952659 0.896942 0.942092 0.899208
P2734__1__0___0.txt 0.796735 0.965394 0.310406 0.97752 0.306705 0.962776 0.258403 0.95065 0.262105
P2734__1__2772___1675.txt 0.627745 0.203018 0.701561 0.213094 0.704912 0.226798 0.663708 0.216722 0.660357
P2734__1__924___0.txt 0.884194 0.0630588 0.311264 0.0750271 0.307332 0.0585652 0.257212 0.0465968 0.261144
P2739__1__2772___0.txt 0.866807 0.331903 0.143633 0.34374 0.118318 0.239569 0.0696087 0.227732 0.0949232
P2739__1__2940___0.txt 0.84313 0.166817 0.144471 0.179136 0.118412 0.0783603 0.0707712 0.066041 0.0968307
P2740__1__1848___0.txt 0.853955 0.856139 0.680427 0.859184 0.6989 0.91772 0.689252 0.914676 0.670779
P2740__1__2772___0.txt 0.846882 -0.00563973 0.725039 -0.00105842 0.743529 0.0367602 0.734159 0.0321789 0.715669
P2740__1__2772___1389.txt 0.780186 1.00008 0.610446 1.00667 0.583769 0.929073 0.564611 0.922486 0.591288
P2740__1__924___924.txt 0.688314 0.566309 0.335352 0.572498 0.359664 0.663428 0.336517 0.657239 0.312205
P2741__1__0___0.txt 0.89148 0.806921 0.722103 0.824972 0.716504 0.802812 0.64507 0.784761 0.65067
P2741__1__924___0.txt 0.888603 0.289026 0.327015 0.304184 0.320552 0.290451 0.288344 0.275293 0.294807
P2742__1__1324___924.txt 0.781033 0.300246 0.266204 0.315431 0.283853 0.396364 0.214217 0.381179 0.196569
P2742__1__924___924.txt 0.753357 0.691833 0.265789 0.706612 0.283001 0.785533 0.215238 0.770754 0.198026
P2743__1__1848___2772.txt 0.663703 0.997626 0.851008 1.02426 0.818999 0.933236 0.743266 0.906604 0.775275
P2743__1__924___1848.txt 0.856633 0.94905 0.386526 0.959775 0.365387 0.863068 0.316322 0.852342 0.33746
P2743__1__924___924.txt 0.847353 0.684886 0.955842 0.705678 0.93799 0.626398 0.845655 0.605606 0.863507
P2687__1__1714___3696.txt 0.85439 0.0313172 0.101904 0.049125 0.11113 0.0728995 0.0652395 0.0550918 0.0560138
P2687__1__1714___4484.txt 0.836103 0.0728856 0.123803 0.0959986 0.12024 0.0866818 0.0598037 0.0635688 0.0633669
P2690__1__0___0.txt 0.779744 0.629178 0.470846 0.646977 0.468587 0.635675 0.379558 0.617877 0.381817
P2690__1__0___1261.txt 0.852023 0.808992 0.533014 0.828144 0.526988 0.795473 0.42315 0.77632 0.429177
P2690__1__0___924.txt 0.880182 0.544663 1.00159 0.562875 0.997103 0.545872 0.928094 0.527661 0.932581
P2690__1__924___0.txt 0.689966 0.279993 0.469926 0.297974 0.472254 0.308021 0.394632 0.290041 0.392305
P2690__1__924___1261.txt 0.746425 0.448225 0.618889 0.47626 0.611626 0.447463 0.500461 0.419428 0.507723
P2690__1__924___924.txt 0.748867 0.446912 0.948356 0.476582 0.940728 0.447661 0.828237 0.417991 0.835865
P2692__1__0___0.txt 0.835155 0.954663 0.301153 0.971409 0.29042 0.912728 0.198862 0.895982 0.209595
P2692__1__0___1261.txt 0.775709 0.95257 0.176795 0.972401 0.173213 0.956266 0.0838953 0.936435 0.0874778
P2692__1__0___924.txt 0.751251 0.952471 0.504825 0.972109 0.501353 0.956575 0.413485 0.936937 0.416957
P2692__1__1662___0.txt 0.782709 0.245598 0.802379 0.259396 0.781326 0.15091 0.710228 0.137113 0.731281
P2692__1__1662___1261.txt 0.848979 0.0529754 0.497718 0.0729258 0.508233 0.114984 0.428438 0.0950338 0.417922
P2692__1__1662___924.txt 0.849367 0.0530378 0.826865 0.0731086 0.837429 0.114886 0.758054 0.0948156 0.74749
P2692__1__924___0.txt 0.844692 0.174189 0.708038 0.192209 0.697709 0.139839 0.606336 0.121819 0.616664
P2692__1__924___1261.txt 0.860799 0.773527 0.498413 0.793396 0.508865 0.835696 0.42845 0.815827 0.417999
P2692__1__924___924.txt 0.855304 0.773729 0.82774 0.793443 0.838098 0.835587 0.757892 0.815873 0.747533
P2693__1__0___0.txt 0.727518 0.898654 0.635751 0.916532 0.648768 0.968666 0.577164 0.950788 0.564147
P2693__1__0___1475.txt 0.773571 0.43212 0.561289 0.458638 0.586598 0.588155 0.450891 0.561636 0.425582
P2693__1__0___924.txt 0.845928 0.619315 0.515795 0.63484 0.52709 0.692157 0.448313 0.676632 0.437018
P2693__1__1131___0.txt 0.854553 0.238433 0.710872 0.255809 0.715787 0.277447 0.639293 0.260071 0.634378
P2693__1__1131___924.txt 0.775224 0.0312616 0.101609 0.0449878 0.110381 0.0854152 0.0471177 0.071689 0.0383461
P2693__1__924___0.txt 0.855604 0.440458 0.710491 0.457845 0.715475 0.479751 0.639057 0.462364 0.634072
P2693__1__924___924.txt 0.814873 0.192637 0.0781719 0.206719 0.08757 0.248389 0.0251325 0.234308 0.0157344
P2702__1__863___0.txt 0.680119 0.948844 0.101478 0.955978 0.0771002 0.831297 0.0406141 0.824163 0.0649921
P2704__1__0___0.txt 0.856269 0.71789 0.473706 0.748854 0.462329 0.694218 0.313629 0.663254 0.325006
P2704__1__1848___0.txt 0.803792 0.870986 0.801858 0.905797 0.778062 0.79708 0.619016 0.762268 0.642812
P2704__1__924___885.txt 0.827249 0.216815 0.485383 0.238693 0.509949 0.345581 0.414761 0.323703 0.390195
P2706__1__0___0.txt 0.885363 0.553787 0.75275 0.570922 0.766417 0.619595 0.705394 0.602459 0.691727
P2706__1__0___322.txt 0.892273 0.623147 0.510308 0.644764 0.525607 0.69067 0.46074 0.669053 0.445442
P2706__1__724___0.txt 0.896855 0.458047 0.386032 0.464191 0.362681 0.392192 0.343737 0.386048 0.367088
P2706__1__724___322.txt 0.886419 0.458759 0.0719668 0.464924 0.0484326 0.392539 0.029469 0.386374 0.0530032
P2708__1__0___0.txt 0.815138 0.959904 0.54545 0.975012 0.532358 0.927699 0.47776 0.912591 0.490853
P2708__1__1848___924.txt 0.786962 0.232127 0.478565 0.245941 0.463062 0.165461 0.391347 0.151647 0.40685
P2708__1__1898___924.txt 0.751721 0.182684 0.478178 0.196559 0.462711 0.116265 0.390682 0.102391 0.406148
P2708__1__924___0.txt 0.868298 0.842237 0.698564 0.867227 0.668879 0.688469 0.518389 0.663478 0.548073
P2710__1__0___1354.txt 0.822132 0.757748 0.891572 0.783676 0.887778 0.765123 0.760976 0.739195 0.76477
P2710__1__0___924.txt 0.802455 0.653017 0.664209 0.655266 0.67882 0.713622 0.669838 0.711373 0.655227
P2712__1__0___0.txt 0.878122 0.700941 0.326535 0.718489 0.33197 0.732231 0.2876 0.714683 0.282165
P2712__1__0___325.txt 0.850604 0.595733 0.0397931 0.619245 0.0458825 0.630992 0.000526663 0.60748 -0.00556273
P2712__1__924___0.txt 0.824799 0.0668116 0.942566 0.100821 0.950098 0.142573 0.761562 0.108563 0.75403
P2712__1__924___325.txt 0.868216 0.0033309 0.869714 0.0397908 0.896297 0.152532 0.741663 0.116072 0.715081
P2712__1__981___0.txt 0.851256 0.0122876 0.938836 0.0466604 0.946591 0.0875999 0.765123 0.0532272 0.757368
P2712__1__981___325.txt 0.859733 0.0127723 0.623113 0.0470237 0.630749 0.0878352 0.44769 0.0535837 0.440054
P2727__1__0___0.txt 0.860484 0.843334 0.935237 0.865083 0.953775 0.946754 0.857962 0.925005 0.839423
P2727__1__0___427.txt 0.857387 0.84453 0.517653 0.866854 0.536288 0.945974 0.441508 0.923651 0.422873
P2727__1__633___0.txt 0.820225 0.22329 0.937059 0.244627 0.955454 0.325594 0.861541 0.304257 0.843146
P2727__1__633___427.txt 0.843892 0.224923 0.517247 0.247774 0.536565 0.329296 0.440134 0.306445 0.420816
P2728__1__1848___0.txt 0.805721 0.879185 0.560564 0.888149 0.543296 0.800468 0.497781 0.791505 0.515048
P2728__1__1920___0.txt 0.831065 0.969036 0.728219 0.981286 0.709446 0.877068 0.64144 0.864818 0.660213
P2729__1__0___0.txt 0.762915 0.534864 0.763248 0.545163 0.74624 0.478848 0.706082 0.468549 0.72309
P2729__1__0___1605.txt 0.841867 0.819108 0.0900991 0.831844 0.0744275 0.77914 0.0315957 0.766404 0.0472673
P2729__1__0___924.txt 0.855542 0.931833 0.984519 0.945431 0.964766 0.861817 0.907205 0.848219 0.926958
P2729__1__1848___924.txt 0.663261 0.533268 0.761986 0.569419 0.745974 0.489676 0.565931 0.453524 0.581943
P2729__1__924___1605.txt 0.873466 0.180387 0.315677 0.194975 0.292925 0.0839863 0.221763 0.0693987 0.244514
P2729__1__924___924.txt 0.875224 0.178922 0.978424 0.193344 0.955599 0.0833791 0.88612 0.0689574 0.908946
P2730__1__0___0.txt 0.841529 0.274763 1.02477 0.304149 0.989304 0.187622 0.892756 0.158236 0.928223
P2730__1__0___410.txt 0.839305 0.27277 0.62222 0.302428 0.58611 0.190815 0.494439 0.161157 0.530549
P2731__1__0___0.txt 0.73533 0.423303 0.465328 0.445212 0.486318 0.522222 0.405938 0.500313 0.384947
P2731__1__0___3696.txt 0.624835 0.876548 0.636807 0.887972 0.633316 0.874194 0.588224 0.86277 0.591715
P2731__1__2772___0.txt 0.804716 0.6692 0.784048 0.672791 0.733746 0.492381 0.720868 0.48879 0.77117
P2731__1__2772___1848.txt 0.780881 0.957751 0.999932 0.983737 0.993658 0.95904 0.891366 0.933054 0.897639
P2731__1__2772___2772.txt 0.616224 0.589789 0.727136 0.629389 0.7151 0.588254 0.57976 0.548654 0.591796
P2731__1__2772___924.txt 0.786387 0.895612 0.649863 0.904446 0.650405 0.906326 0.619704 0.897493 0.619163
P2731__1__3696___1848.txt 0.700796 0.0544944 1.00293 0.0800829 0.996885 0.0554543 0.892586 0.0298658 0.898628
P2731__1__3696___2772.txt 0.720309 0.410687 1.01867 0.461109 1.00179 0.374136 0.74188 0.323715 0.758752
P2731__1__3696___3696.txt 0.761411 0.427336 0.135657 0.4708 0.120702 0.421868 -0.0215031 0.378404 -0.00654747
P2731__1__3889___0.txt 0.628321 0.126333 0.386677 0.155051 0.404267 0.23395 0.275459 0.205232 0.257869
P2731__1__3889___2772.txt 0.722909 0.222241 1.01847 0.271316 1.00216 0.184044 0.739687 0.134969 0.756005
P2731__1__3889___3696.txt 0.760869 0.23904 0.135678 0.284289 0.119084 0.234894 -0.0156115 0.189645 0.000982272
P2731__1__924___2772.txt 0.732629 0.827818 0.717099 0.891341 0.700202 0.817867 0.423984 0.754344 0.440881
P2731__1__924___3696.txt 0.739272 0.089405 0.42976 0.09561 0.446006 0.137738 0.429916 0.131533 0.41367
P2731__1__924___3871.txt 0.807908 0.087213 0.259322 0.0933424 0.275437 0.136211 0.259132 0.130082 0.243017
P2732__1__0___1608.txt 0.782308 0.601674 0.523245 0.612484 0.510683 0.545237 0.452815 0.534427 0.465376
P2732__1__0___924.txt 0.668528 0.701124 0.94978 0.73012 0.975991 0.857843 0.834702 0.828848 0.808491
P2732__1__1848___0.txt 0.756364 0.735575 0.825755 0.745841 0.81961 0.718796 0.774426 0.70853 0.780571
P2732__1__1848___1608.txt 0.623907 0.892965 0.651137 0.910756 0.656977 0.942897 0.559058 0.925106 0.553219
P2732__1__2063___0.txt 0.833612 0.815444 0.448627 0.825311 0.446636 0.816695 0.403941 0.806828 0.405932
P2732__1__2063___1608.txt 0.758688 0.951811 0.280844 0.96338 0.278505 0.953761 0.230912 0.942192 0.23325
P2732__1__2063___924.txt 0.776407 0.952466 0.94758 0.963033 0.945314 0.952659 0.896942 0.942092 0.899208
P2734__1__0___0.txt 0.796735 0.965394 0.310406 0.97752 0.306705 0.962776 0.258403 0.95065 0.262105
P2734__1__2772___1675.txt 0.627745 0.203018 0.701561 0.213094 0.704912 0.226798 0.663708 0.216722 0.660357
P2734__1__924___0.txt 0.884194 0.0630588 0.311264 0.0750271 0.307332 0.0585652 0.257212 0.0465968 0.261144
P2739__1__2772___0.txt 0.866807 0.331903 0.143633 0.34374 0.118318 0.239569 0.0696087 0.227732 0.0949232
P2739__1__2940___0.txt 0.84313 0.166817 0.144471 0.179136 0.118412 0.0783603 0.0707712 0.066041 0.0968307
P2740__1__1848___0.txt 0.853955 0.856139 0.680427 0.859184 0.6989 0.91772 0.689252 0.914676 0.670779
P2740__1__2772___0.txt 0.846882 -0.00563973 0.725039 -0.00105842 0.743529 0.0367602 0.734159 0.0321789 0.715669
P2740__1__2772___1389.txt 0.780186 1.00008 0.610446 1.00667 0.583769 0.929073 0.564611 0.922486 0.591288
P2740__1__924___924.txt 0.688314 0.566309 0.335352 0.572498 0.359664 0.663428 0.336517 0.657239 0.312205
P2741__1__0___0.txt 0.89148 0.806921 0.722103 0.824972 0.716504 0.802812 0.64507 0.784761 0.65067
P2741__1__924___0.txt 0.888603 0.289026 0.327015 0.304184 0.320552 0.290451 0.288344 0.275293 0.294807
P2742__1__1324___924.txt 0.781033 0.300246 0.266204 0.315431 0.283853 0.396364 0.214217 0.381179 0.196569
P2742__1__924___924.txt 0.753357 0.691833 0.265789 0.706612 0.283001 0.785533 0.215238 0.770754 0.198026
P2743__1__1848___2772.txt 0.663703 0.997626 0.851008 1.02426 0.818999 0.933236 0.743266 0.906604 0.775275
P2743__1__924___1848.txt 0.856633 0.94905 0.386526 0.959775 0.365387 0.863068 0.316322 0.852342 0.33746
P2743__1__924___924.txt 0.847353 0.684886 0.955842 0.705678 0.93799 0.626398 0.845655 0.605606 0.863507
