P2691__1__0___924.txt 0.714886 0.0587741 0.38932 0.0635217 0.393949 0.0715831 0.385681 0.0668354 0.381052
P2691__1__2772___5175.txt 0.607628 0.978126 0.511203 0.980582 0.505719 0.970766 0.501323 0.96831 0.506807
P2691__1__3696___3696.txt 0.688016 0.361987 0.132464 0.367359 0.136798 0.374797 0.127579 0.369424 0.123245
P2691__1__3696___4620.txt 0.654296 0.815975 0.22182 0.82321 0.224363 0.82795 0.210878 0.820715 0.208335
P2691__1__4620___1848.txt 0.856003 0.312254 0.296551 0.313122 0.291645 0.302646 0.28979 0.301777 0.294696
P2691__1__4620___2772.txt 0.75901 0.12176 0.514275 0.125687 0.509603 0.117513 0.502733 0.113586 0.507406
P2691__1__4855___0.txt 0.600666 0.559279 0.422255 0.565503 0.425315 0.572419 0.411248 0.566195 0.408188
P2691__1__4855___1848.txt 0.796924 0.333825 0.328133 0.335121 0.322891 0.324942 0.320375 0.323647 0.325618
P2691__1__4855___4620.txt 0.767325 0.934609 0.408984 0.939642 0.405423 0.933208 0.396328 0.928175 0.399889
P2691__1__4855___5175.txt 0.68977 0.684887 0.51493 0.689718 0.518596 0.696421 0.509762 0.691589 0.506096
P2691__1__4855___924.txt 0.739997 0.691718 0.346434 0.694099 0.339834 0.682499 0.335649 0.680118 0.342249
P2704__1__0___885.txt 0.823515 0.485089 0.203524 0.487923 0.212886 0.506486 0.207267 0.503652 0.197905
P2704__1__1848___885.txt 0.739918 0.82412 0.724582 0.832513 0.719684 0.82266 0.702796 0.814266 0.707693
P2704__1__2765___0.txt 0.760226 0.729611 0.148809 0.734 0.159828 0.753195 0.152183 0.748807 0.141164
P2704__1__924___0.txt 0.776436 0.953568 0.641258 0.957687 0.652135 0.976692 0.644939 0.972574 0.634062
P2705__1__444___1081.txt 0.685069 0.882076 0.573635 0.884091 0.58073 0.900566 0.576053 0.898552 0.568958
P2710__1__924___0.txt 0.814963 0.754842 0.38765 0.767385 0.388859 0.77107 0.350639 0.758527 0.349429
P2710__1__924___924.txt 0.697935 0.500197 0.152254 0.503038 0.163545 0.549022 0.151974 0.546181 0.140683
P2710__1__941___0.txt 0.77525 0.789458 0.405674 0.799691 0.40636 0.800977 0.387188 0.790744 0.386502
P2710__1__941___924.txt 0.719908 0.581068 0.139964 0.591154 0.149227 0.622146 0.115481 0.612061 0.106218
P2716__1__1848___1420.txt 0.605648 0.935998 0.642978 0.942652 0.656814 0.972703 0.64236 0.966049 0.628524
P2719__1__1848___924.txt 0.740834 0.109537 0.948909 0.119513 0.946397 0.115126 0.92897 0.105149 0.931481
P2728__1__0___1277.txt 0.712223 0.656718 0.0150435 0.664486 0.0230692 0.679455 0.00858152 0.671688 0.000555896
P2728__1__0___924.txt 0.727102 0.658053 0.36011 0.665147 0.366927 0.678599 0.35293 0.671506 0.346113
P2728__1__1848___924.txt 0.669829 0.0189674 0.499624 0.0240088 0.503836 0.0316037 0.494745 0.0265624 0.490533
P2728__1__924___924.txt 0.729915 0.141438 0.0550972 0.14748 0.0479741 0.126618 0.030277 0.120575 0.0374001
P2729__1__924___0.txt 0.754928 0.190603 0.122137 0.200352 0.119594 0.19484 0.0984571 0.185091 0.101
P2730__1__376___0.txt 0.808781 0.866781 0.454541 0.887008 0.46505 0.907101 0.426378 0.886874 0.415868
P2730__1__376___410.txt 0.803514 0.866644 0.0552648 0.886537 0.0657572 0.907335 0.0263264 0.887442 0.015834
P2739__1__0___0.txt 0.674435 0.0777755 0.166498 0.0809983 0.159174 0.0675608 0.153261 0.0643379 0.160586
P2739__1__0___1604.txt 0.713877 0.935491 0.565191 0.944331 0.571825 0.961734 0.548634 0.952894 0.542
P2739__1__0___924.txt 0.648007 0.425543 0.277292 0.431822 0.270336 0.407958 0.248795 0.40168 0.25575
P2739__1__2772___924.txt 0.70342 0.586536 0.153165 0.595525 0.149852 0.589404 0.133245 0.580415 0.136558
P2739__1__2940___1604.txt 0.793938 0.849849 0.144427 0.867566 0.154027 0.890463 0.111767 0.872746 0.102167
P2739__1__2940___924.txt 0.757036 0.850663 0.809013 0.867283 0.818284 0.890722 0.776266 0.874102 0.766995
P2739__1__924___1604.txt 0.648005 0.488661 0.244251 0.492592 0.237163 0.478606 0.229406 0.474675 0.236494
P2741__1__0___1567.txt 0.768166 0.498997 0.958028 0.509302 0.957885 0.509036 0.938687 0.49873 0.93883
P2741__1__1548___0.txt 0.814961 0.491444 0.160645 0.497138 0.151532 0.480061 0.140863 0.474368 0.149975
P2691__1__0___924 0.714886 0.0587741 0.38932 0.0635217 0.393949 0.0715831 0.385681 0.0668354 0.381052
P2691__1__2772___5175 0.607628 0.978126 0.511203 0.980582 0.505719 0.970766 0.501323 0.96831 0.506807
P2691__1__3696___3696 0.688016 0.361987 0.132464 0.367359 0.136798 0.374797 0.127579 0.369424 0.123245
P2691__1__3696___4620 0.654296 0.815975 0.22182 0.82321 0.224363 0.82795 0.210878 0.820715 0.208335
P2691__1__4620___1848 0.856003 0.312254 0.296551 0.313122 0.291645 0.302646 0.28979 0.301777 0.294696
P2691__1__4620___2772 0.75901 0.12176 0.514275 0.125687 0.509603 0.117513 0.502733 0.113586 0.507406
P2691__1__4855___0 0.600666 0.559279 0.422255 0.565503 0.425315 0.572419 0.411248 0.566195 0.408188
P2691__1__4855___1848 0.796924 0.333825 0.328133 0.335121 0.322891 0.324942 0.320375 0.323647 0.325618
P2691__1__4855___4620 0.767325 0.934609 0.408984 0.939642 0.405423 0.933208 0.396328 0.928175 0.399889
P2691__1__4855___5175 0.68977 0.684887 0.51493 0.689718 0.518596 0.696421 0.509762 0.691589 0.506096
P2691__1__4855___924 0.739997 0.691718 0.346434 0.694099 0.339834 0.682499 0.335649 0.680118 0.342249
P2704__1__0___885 0.823515 0.485089 0.203524 0.487923 0.212886 0.506486 0.207267 0.503652 0.197905
P2704__1__1848___885 0.739918 0.82412 0.724582 0.832513 0.719684 0.82266 0.702796 0.814266 0.707693
P2704__1__2765___0 0.760226 0.729611 0.148809 0.734 0.159828 0.753195 0.152183 0.748807 0.141164
P2704__1__924___0 0.776436 0.953568 0.641258 0.957687 0.652135 0.976692 0.644939 0.972574 0.634062
P2705__1__444___1081 0.685069 0.882076 0.573635 0.884091 0.58073 0.900566 0.576053 0.898552 0.568958
P2710__1__924___0 0.814963 0.754842 0.38765 0.767385 0.388859 0.77107 0.350639 0.758527 0.349429
P2710__1__924___924 0.697935 0.500197 0.152254 0.503038 0.163545 0.549022 0.151974 0.546181 0.140683
P2710__1__941___0 0.77525 0.789458 0.405674 0.799691 0.40636 0.800977 0.387188 0.790744 0.386502
P2710__1__941___924 0.719908 0.581068 0.139964 0.591154 0.149227 0.622146 0.115481 0.612061 0.106218
P2716__1__1848___1420 0.605648 0.935998 0.642978 0.942652 0.656814 0.972703 0.64236 0.966049 0.628524
P2719__1__1848___924 0.740834 0.109537 0.948909 0.119513 0.946397 0.115126 0.92897 0.105149 0.931481
P2728__1__0___1277 0.712223 0.656718 0.0150435 0.664486 0.0230692 0.679455 0.00858152 0.671688 0.000555896
P2728__1__0___924 0.727102 0.658053 0.36011 0.665147 0.366927 0.678599 0.35293 0.671506 0.346113
P2728__1__1848___924 0.669829 0.0189674 0.499624 0.0240088 0.503836 0.0316037 0.494745 0.0265624 0.490533
P2728__1__924___924 0.729915 0.141438 0.0550972 0.14748 0.0479741 0.126618 0.030277 0.120575 0.0374001
P2729__1__924___0 0.754928 0.190603 0.122137 0.200352 0.119594 0.19484 0.0984571 0.185091 0.101
P2730__1__376___0 0.808781 0.866781 0.454541 0.887008 0.46505 0.907101 0.426378 0.886874 0.415868
P2730__1__376___410 0.803514 0.866644 0.0552648 0.886537 0.0657572 0.907335 0.0263264 0.887442 0.015834
P2739__1__0___0 0.674435 0.0777755 0.166498 0.0809983 0.159174 0.0675608 0.153261 0.0643379 0.160586
P2739__1__0___1604 0.713877 0.935491 0.565191 0.944331 0.571825 0.961734 0.548634 0.952894 0.542
P2739__1__0___924 0.648007 0.425543 0.277292 0.431822 0.270336 0.407958 0.248795 0.40168 0.25575
P2739__1__2772___924 0.70342 0.586536 0.153165 0.595525 0.149852 0.589404 0.133245 0.580415 0.136558
P2739__1__2940___1604 0.793938 0.849849 0.144427 0.867566 0.154027 0.890463 0.111767 0.872746 0.102167
P2739__1__2940___924 0.757036 0.850663 0.809013 0.867283 0.818284 0.890722 0.776266 0.874102 0.766995
P2739__1__924___1604 0.648005 0.488661 0.244251 0.492592 0.237163 0.478606 0.229406 0.474675 0.236494
P2741__1__0___1567 0.768166 0.498997 0.958028 0.509302 0.957885 0.509036 0.938687 0.49873 0.93883
P2741__1__1548___0 0.814961 0.491444 0.160645 0.497138 0.151532 0.480061 0.140863 0.474368 0.149975
