4 0.0313172 0.101904 0.049125 0.11113 0.0728995 0.0652395 0.0550918 0.0560138 0.85439
4 0.0591807 0.105524 0.0793926 0.114739 0.103961 0.0608494 0.0837489 0.0516347 0.836238
4 0.0731297 0.892784 0.0967083 0.889252 0.0879893 0.831051 0.0644108 0.834583 0.80921
4 0.0403816 0.898707 0.0662836 0.89501 0.0571157 0.830774 0.0312137 0.83447 0.780554
4 0.076713 0.563157 0.103136 0.564755 0.109301 0.462812 0.0828777 0.461215 0.779576
4 0.0381663 0.551707 0.0602618 0.552398 0.0628613 0.469319 0.0407658 0.468628 0.732414
4 0.11064 0.126598 0.128995 0.13776 0.161995 0.0834989 0.14364 0.0723362 0.728736
4 0.117734 0.900162 0.147756 0.896821 0.137708 0.806525 0.107687 0.809866 0.725237
4 0.0371621 0.43772 0.0648564 0.437592 0.0645131 0.362821 0.0368187 0.362948 0.711237
4 0.329899 0.55835 0.358269 0.55883 0.35997 0.458315 0.3316 0.457835 0.69102
4 0.326239 0.445092 0.348008 0.448949 0.360988 0.375696 0.339219 0.371839 0.671895
4 0.241869 0.567297 0.272319 0.569804 0.281174 0.462225 0.250724 0.459719 0.667377
4 0.0895908 0.118193 0.108312 0.12748 0.132957 0.077801 0.114236 0.0685136 0.632873
4 0.283241 0.58047 0.318801 0.580772 0.31983 0.459411 0.28427 0.45911 0.631009
4 0.0287429 0.999726 0.0653671 1.00029 0.0665075 0.926471 0.0298834 0.925905 0.619964
