4 0.174189 0.708038 0.192209 0.697709 0.139839 0.606336 0.121819 0.616664 0.844692
4 0.0518048 0.306307 0.0711001 0.294617 0.0167779 0.204952 -0.00251747 0.216642 0.843516
4 0.231643 0.694403 0.254487 0.680974 0.183165 0.559643 0.160321 0.573071 0.824816
4 0.144079 0.737888 0.16329 0.726629 0.105789 0.628524 0.086578 0.639784 0.808975
4 0.209751 0.700044 0.231277 0.687732 0.165655 0.573008 0.14413 0.58532 0.808299
4 0.157197 0.713098 0.17394 0.703143 0.123249 0.617882 0.106505 0.627837 0.787916
4 0.227239 0.637326 0.24356 0.627872 0.202709 0.55735 0.186389 0.566804 0.783721
4 0.971008 0.804822 0.984627 0.78298 0.87535 0.714841 0.861731 0.736683 0.782283
4 0.190925 0.700607 0.207078 0.691311 0.151973 0.595565 0.13582 0.604862 0.766751
4 0.637318 0.393322 0.677056 0.366491 0.514358 0.125538 0.474621 0.152369 0.699592
4 0.0350057 0.308568 0.0494922 0.299321 -0.00120058 0.219907 -0.015687 0.229155 0.656787
