4 0.238433 0.710872 0.255809 0.715787 0.277447 0.639293 0.260071 0.634378 0.854553
4 0.0780923 0.315456 0.0919556 0.323732 0.123071 0.271616 0.109208 0.263339 0.854238
4 0.0342066 0.998551 0.0479704 1.00764 0.0854806 0.950809 0.0717168 0.941724 0.789807
4 0.194648 0.713785 0.211215 0.721319 0.245269 0.646441 0.228701 0.638907 0.757016
4 -0.0107872 0.980781 0.00390594 0.990562 0.0453833 0.928258 0.0306901 0.918476 0.752836
4 0.00664614 0.438439 0.0193275 0.447485 0.0438966 0.413042 0.0312152 0.403996 0.745272
4 0.161878 0.125612 0.180212 0.1344 0.21322 0.0655356 0.194885 0.0567478 0.743714
4 0.0176092 0.996953 0.0315072 1.00617 0.0739578 0.942149 0.0600599 0.932934 0.740446
4 -0.0117225 0.429814 0.00418996 0.440477 0.0301468 0.401744 0.0142343 0.391081 0.726312
4 0.0018755 0.992108 0.0159055 1.00124 0.05894 0.935106 0.04491 0.925976 0.72152
4 0.687943 0.780798 0.744738 0.804603 0.859172 0.531575 0.802376 0.507771 0.654232
4 0.0322729 0.380655 0.0475007 0.388382 0.0744145 0.335346 0.0591866 0.327619 0.643606
4 0.0626814 0.302729 0.0774525 0.311436 0.10791 0.259767 0.0931387 0.25106 0.626356
