1 0.66364 0.486906 0.670471 0.456979 0.636503 0.449225 0.629671 0.479152 0.924151
1 0.762158 0.634215 0.787174 0.63399 0.786933 0.607248 0.761918 0.607473 0.908656
1 0.771576 0.295994 0.794217 0.297467 0.79573 0.274211 0.773089 0.272738 0.905
1 0.824053 0.305978 0.828699 0.280914 0.801584 0.275888 0.796938 0.300952 0.89988
1 0.644372 0.297864 0.648743 0.27731 0.626654 0.272612 0.622283 0.293167 0.88835
1 0.720951 0.52559 0.72435 0.503201 0.700778 0.499622 0.697379 0.522011 0.888084
1 0.614492 0.60816 0.6176 0.584686 0.592852 0.581409 0.589744 0.604883 0.874966
1 0.761241 0.558664 0.764323 0.538291 0.742599 0.535005 0.739517 0.555378 0.873814
1 0.666278 0.31534 0.671515 0.297461 0.650505 0.291307 0.645269 0.309187 0.873401
1 0.653378 0.650358 0.655736 0.630586 0.635244 0.628142 0.632886 0.647914 0.85645
1 0.713317 0.579355 0.715385 0.558524 0.693489 0.55635 0.691421 0.577182 0.855848
1 0.757809 0.488666 0.761453 0.466457 0.737691 0.462559 0.734048 0.484767 0.840376
1 0.736877 0.200999 0.757371 0.204396 0.76083 0.183531 0.740336 0.180133 0.836077
1 0.640422 0.57522 0.644746 0.554249 0.622547 0.549671 0.618222 0.570642 0.835975
1 0.318314 0.565128 0.339529 0.566876 0.341367 0.544573 0.320152 0.542825 0.825419
1 0.681638 0.612609 0.68476 0.593125 0.662826 0.589611 0.659704 0.609095 0.818002
1 0.686661 0.332132 0.690521 0.311877 0.669791 0.307926 0.665931 0.328182 0.811535
1 0.699941 0.631105 0.703508 0.610604 0.681668 0.606804 0.678101 0.627305 0.807248
1 0.691719 0.558703 0.693845 0.541163 0.674521 0.538821 0.672395 0.556361 0.780524
1 0.633801 0.635435 0.637428 0.618551 0.618093 0.614398 0.614466 0.631281 0.775147
1 0.284104 0.690332 0.289015 0.667579 0.265518 0.662507 0.260607 0.685261 0.757366
1 0.897563 0.514449 0.917749 0.515574 0.91902 0.492785 0.898833 0.491659 0.724811
1 0.675213 0.668641 0.677228 0.650286 0.656567 0.648018 0.654552 0.666372 0.694695
1 0.609002 0.793948 0.611759 0.77624 0.592553 0.77325 0.589797 0.790959 0.655794
