4 0.544663 1.00159 0.562875 0.997103 0.545872 0.928094 0.527661 0.932581 0.880182
4 0.809039 0.861948 0.828002 0.856001 0.795505 0.752385 0.776542 0.758332 0.848065
4 0.504348 1.00274 0.522317 0.998166 0.509855 0.949189 0.491887 0.953761 0.801699
4 0.481998 1.00425 0.50117 0.999964 0.490405 0.951788 0.471233 0.956072 0.777395
4 0.437968 0.899598 0.461195 0.896726 0.450033 0.806448 0.426807 0.809319 0.775386
4 0.561257 1.00314 0.578472 0.999575 0.564198 0.930649 0.546983 0.934214 0.75425
4 0.497577 0.739586 0.519229 0.736773 0.506249 0.636842 0.484597 0.639654 0.739747
4 0.453247 1.00655 0.479021 1.00195 0.468244 0.9415 0.44247 0.946095 0.724051
4 0.524732 1.00543 0.544451 1.00035 0.529728 0.943206 0.510009 0.948287 0.715652
4 0.417008 0.913403 0.442262 0.908761 0.417538 0.774252 0.392284 0.778894 0.706893
4 0.436778 0.755512 0.460721 0.751021 0.438179 0.630827 0.414236 0.635317 0.700991
4 0.43426 1.00313 0.453609 0.999778 0.446255 0.957374 0.426905 0.96073 0.660711
4 0.456969 0.752665 0.47969 0.748798 0.459583 0.630644 0.436861 0.634511 0.626087
4 0.420519 0.755579 0.44113 0.751439 0.419474 0.643635 0.398864 0.647776 0.625683
