0 0.934609 0.408984 0.939642 0.405423 0.933208 0.396328 0.928175 0.399889 0.767325
0 0.87546 0.437913 0.88199 0.436608 0.879578 0.424536 0.873047 0.425842 0.756865
0 0.933076 0.440435 0.938284 0.437408 0.933519 0.429209 0.928311 0.432236 0.755365
0 0.966833 0.375649 0.969829 0.370691 0.960879 0.365283 0.957883 0.37024 0.729798
0 0.936211 0.351337 0.939785 0.346029 0.929862 0.339347 0.926288 0.344655 0.70627
0 0.914281 0.421476 0.919752 0.418358 0.913939 0.408157 0.908467 0.411276 0.70288
0 0.878155 0.396167 0.884628 0.394199 0.880906 0.381953 0.874432 0.38392 0.702123
0 0.960851 0.360528 0.963531 0.355414 0.954555 0.35071 0.951875 0.355824 0.700396
0 0.95145 0.392825 0.955488 0.388402 0.947441 0.381054 0.943403 0.385476 0.698098
0 0.849028 0.463556 0.854979 0.463546 0.854958 0.452263 0.849008 0.452274 0.691169
0 0.948763 0.44719 0.954226 0.443729 0.947599 0.43327 0.942136 0.436731 0.683705
0 0.941283 0.343107 0.944888 0.337442 0.935154 0.331248 0.931549 0.336913 0.670769
0 0.924567 0.445491 0.929619 0.44291 0.924785 0.433449 0.919733 0.436029 0.667017
0 0.893189 0.431614 0.899284 0.428845 0.894737 0.418834 0.888641 0.421603 0.665042
0 0.951893 0.375572 0.955257 0.370839 0.946256 0.364444 0.942893 0.369177 0.661062
0 0.960039 0.38394 0.963732 0.379244 0.954791 0.372211 0.951098 0.376907 0.658038
0 0.899196 0.454561 0.905371 0.452989 0.902844 0.443064 0.89667 0.444636 0.650911
0 0.901463 0.413959 0.906769 0.410981 0.90165 0.401857 0.896344 0.404834 0.641636
0 0.917591 0.447494 0.922861 0.445146 0.919081 0.436664 0.913812 0.439012 0.634217
0 0.942754 0.450821 0.948441 0.447503 0.942039 0.436529 0.936352 0.439846 0.631106
0 0.868387 0.398904 0.874979 0.397186 0.871954 0.385578 0.865361 0.387297 0.62696
0 0.91653 0.42088 0.922111 0.417275 0.915499 0.40704 0.909918 0.410645 0.619301
0 0.942243 0.433964 0.947001 0.430799 0.941446 0.422449 0.936689 0.425614 0.616697
0 0.97014 0.344844 0.972164 0.338598 0.962061 0.335324 0.960038 0.34157 0.601287
