4 0.773729 0.82774 0.793443 0.838098 0.835587 0.757892 0.815873 0.747533 0.855304
4 0.293446 0.563748 0.311 0.555558 0.272589 0.47323 0.255035 0.48142 0.842606
4 0.133573 0.800999 0.157738 0.797074 0.139375 0.684021 0.11521 0.687946 0.840201
4 0.308474 0.551822 0.326517 0.54427 0.294158 0.466958 0.276115 0.47451 0.823553
4 0.323493 0.540071 0.338405 0.533242 0.303958 0.458029 0.289046 0.464859 0.818799
4 0.903401 0.937407 0.925507 0.940101 0.936374 0.850924 0.914268 0.84823 0.794445
4 0.365031 0.565543 0.391348 0.555093 0.341388 0.42928 0.315071 0.43973 0.789015
4 0.406019 0.527135 0.425398 0.519216 0.38341 0.41647 0.364031 0.42439 0.776029
4 0.0514027 0.507322 0.0695159 0.503871 0.0523076 0.413532 0.0341944 0.416983 0.765671
4 0.336102 0.53631 0.352271 0.529078 0.318202 0.452912 0.302033 0.460144 0.748761
4 0.387356 0.54123 0.409572 0.531916 0.361166 0.416456 0.33895 0.42577 0.723818
4 0.825986 0.998511 0.847552 1.00659 0.878642 0.923594 0.857076 0.915516 0.655284
4 0.0520096 1.01043 0.0995054 1.00722 0.0859553 0.806669 0.0384595 0.809878 0.653763
