4 0.440458 0.710491 0.457845 0.715475 0.479751 0.639057 0.462364 0.634072 0.855604
4 0.280792 0.314917 0.294914 0.323121 0.325136 0.271099 0.311014 0.262895 0.825374
4 0.237658 0.997757 0.251393 1.00666 0.288127 0.949965 0.274393 0.941065 0.81549
4 0.191094 0.982599 0.205613 0.992197 0.248136 0.927876 0.233617 0.918277 0.803103
4 -0.00921514 0.641764 0.0100595 0.655795 0.0694287 0.574235 0.0501541 0.560205 0.751739
4 0.364429 0.125555 0.381842 0.134065 0.414983 0.0662517 0.397571 0.0577418 0.744255
4 0.220214 0.996452 0.233472 1.00526 0.27624 0.940861 0.262983 0.932057 0.720816
4 0.203757 0.992148 0.217872 1.0016 0.262679 0.934694 0.248563 0.925241 0.704775
4 0.21022 0.438606 0.223019 0.447129 0.24572 0.413041 0.232922 0.404517 0.66814
4 0.395772 0.719899 0.410811 0.726126 0.443732 0.646617 0.428693 0.64039 0.665039
4 -0.00368795 0.732272 0.0103346 0.743025 0.0413148 0.702626 0.0272923 0.691872 0.656555
4 0.236518 0.382672 0.250822 0.390012 0.278029 0.336991 0.263725 0.329651 0.646494
4 0.331961 0.11422 0.347733 0.123287 0.386342 0.0561285 0.370571 0.0470614 0.623876
4 0.264009 0.300798 0.279395 0.310643 0.311093 0.261106 0.295707 0.251261 0.603012
