4 0.773527 0.498413 0.793396 0.508865 0.835696 0.42845 0.815827 0.417999 0.860799
4 0.293859 0.234316 0.311019 0.226291 0.272825 0.144628 0.255665 0.152653 0.843446
4 0.133489 0.472349 0.157815 0.46843 0.139528 0.354925 0.115203 0.358844 0.842353
4 0.323442 0.210921 0.338144 0.204227 0.304258 0.129806 0.289556 0.1365 0.820165
4 0.309552 0.222741 0.326456 0.215447 0.293324 0.138662 0.27642 0.145956 0.802703
4 0.407088 0.197363 0.425619 0.189613 0.38357 0.0890711 0.365039 0.0968213 0.802385
4 0.903613 0.609485 0.925388 0.612048 0.935935 0.52246 0.91416 0.519897 0.800408
4 0.82491 0.673892 0.846666 0.681678 0.87812 0.593785 0.856365 0.585999 0.8001
4 0.365754 0.23856 0.39183 0.228266 0.341452 0.100658 0.315376 0.110953 0.791126
4 0.0514502 0.178157 0.0698667 0.174511 0.0520586 0.0845704 0.0336421 0.0882169 0.764557
4 0.884097 0.698176 0.907672 0.699865 0.913546 0.617863 0.889971 0.616174 0.763554
4 0.387581 0.212643 0.409606 0.203421 0.361143 0.0876718 0.339118 0.0968936 0.757229
4 0.336153 0.206875 0.351556 0.200016 0.317804 0.124225 0.302401 0.131085 0.724975
4 0.0504995 0.718315 0.0911172 0.720553 0.101292 0.535872 0.0606743 0.533634 0.602622
