4 0.808992 0.533014 0.828144 0.526988 0.795473 0.42315 0.77632 0.429177 0.852023
4 0.52866 0.708378 0.55011 0.704154 0.531255 0.608415 0.509806 0.612639 0.829709
4 0.547642 0.699513 0.566075 0.695845 0.546343 0.596689 0.52791 0.600357 0.816628
4 0.444309 0.742982 0.465722 0.739463 0.447273 0.627218 0.42586 0.630738 0.784753
4 0.563997 0.698995 0.581968 0.695486 0.561624 0.591295 0.543654 0.594804 0.769684
4 0.489644 0.726743 0.510014 0.72356 0.494198 0.622327 0.473827 0.62551 0.761686
4 0.438493 0.570802 0.461475 0.567809 0.449734 0.477673 0.426752 0.480666 0.761349
4 0.496939 0.410058 0.518775 0.407307 0.506343 0.308622 0.484507 0.311373 0.742577
4 0.461525 0.740016 0.488677 0.736857 0.473783 0.608855 0.446631 0.612014 0.730741
4 0.588406 0.75499 0.602931 0.759326 0.61556 0.71702 0.601034 0.712684 0.7243
4 0.508979 0.712869 0.528507 0.709154 0.510654 0.615309 0.491126 0.619024 0.723171
4 0.436172 0.427545 0.460451 0.423151 0.43836 0.301077 0.414081 0.305471 0.694589
4 0.416861 0.584891 0.442085 0.58037 0.418019 0.446089 0.392795 0.450609 0.676555
4 0.420176 0.428283 0.443426 0.423954 0.422233 0.310143 0.398983 0.314473 0.666676
4 0.207508 0.813658 0.219933 0.811616 0.210807 0.756085 0.198382 0.758127 0.651524
4 0.456781 0.425115 0.480634 0.42118 0.461001 0.302174 0.437149 0.306109 0.642047
