1 0.710966 0.53497 0.842426 0.546191 0.854064 0.409855 0.722603 0.398633 0.926666
0 0.906564 0.882173 0.91272 0.882462 0.913292 0.870299 0.907135 0.87001 0.820411
0 0.882809 0.882344 0.889023 0.882782 0.889879 0.870636 0.883666 0.870198 0.795193
0 0.874261 0.686227 0.880365 0.686487 0.880904 0.673852 0.874801 0.673591 0.775923
0 0.555529 0.686213 0.561548 0.686491 0.562087 0.674811 0.556068 0.674533 0.758667
0 0.942914 0.651287 0.948614 0.651124 0.948306 0.640366 0.942607 0.640529 0.756458
0 0.974278 0.651781 0.980874 0.651729 0.980775 0.639297 0.974179 0.639349 0.755198
0 0.958246 0.809193 0.964195 0.809233 0.964271 0.797702 0.958322 0.797663 0.748077
0 0.97493 0.686708 0.981615 0.687989 0.983754 0.676828 0.977069 0.675547 0.747106
0 0.56667 0.686203 0.572658 0.686217 0.572684 0.674905 0.566695 0.674891 0.746612
0 0.983638 0.736765 0.989556 0.737061 0.990104 0.726089 0.984186 0.725793 0.742789
0 0.976695 0.841425 0.983164 0.84147 0.983247 0.829694 0.976778 0.829648 0.741886
0 0.905912 0.686333 0.912237 0.68661 0.912791 0.673931 0.906466 0.673655 0.737391
0 0.782495 0.789505 0.788211 0.789385 0.787974 0.778107 0.782258 0.778227 0.7336
0 0.75078 0.687527 0.756672 0.687776 0.757176 0.675847 0.751284 0.675598 0.729361
0 0.576315 0.686518 0.5834 0.686922 0.58419 0.673044 0.577105 0.672641 0.728815
0 0.519704 0.719013 0.525777 0.719149 0.52604 0.707443 0.519968 0.707306 0.727505
0 0.956767 0.749527 0.962608 0.749542 0.96264 0.736643 0.956799 0.736628 0.72602
0 0.640217 0.689192 0.646806 0.689224 0.646872 0.675957 0.640283 0.675924 0.725995
0 0.983428 0.750747 0.989754 0.750911 0.990088 0.738122 0.983762 0.737957 0.725666
0 0.7858 0.82272 0.791724 0.822776 0.791828 0.81177 0.785903 0.811715 0.722686
0 0.915166 0.738926 0.921343 0.739102 0.921655 0.728188 0.915477 0.728011 0.721733
0 0.759538 0.68742 0.765783 0.687717 0.766344 0.675933 0.760099 0.675635 0.720963
1 0.0234134 0.562948 0.109545 0.572308 0.118998 0.48532 0.0328663 0.47596 0.71854
0 0.831978 0.687055 0.837929 0.687021 0.837862 0.675135 0.831911 0.675168 0.716984
0 0.849707 0.776118 0.855664 0.776126 0.855679 0.764914 0.849721 0.764906 0.714798
0 0.906763 0.78645 0.913889 0.786728 0.91441 0.77339 0.907284 0.773112 0.71474
0 0.906233 0.821211 0.912851 0.821264 0.912972 0.806386 0.906354 0.806332 0.714678
0 0.982732 0.80927 0.989347 0.809715 0.990159 0.797638 0.983544 0.797193 0.713792
0 0.898993 0.881635 0.905089 0.882055 0.905889 0.870447 0.899793 0.870027 0.712756
0 0.945914 0.786704 0.95302 0.786747 0.953098 0.773875 0.945992 0.773832 0.707298
0 0.80249 0.750994 0.808245 0.750879 0.807998 0.738473 0.802243 0.738587 0.704793
0 0.882568 0.686168 0.888915 0.686384 0.889337 0.674005 0.882991 0.673789 0.699337
0 0.743246 0.790395 0.749263 0.790353 0.749182 0.77882 0.743165 0.778862 0.698733
0 0.926707 0.77632 0.932495 0.776378 0.932608 0.764934 0.926821 0.764877 0.698471
0 0.978934 0.821787 0.984835 0.82194 0.985137 0.810244 0.979236 0.810092 0.697001
0 0.738195 0.687129 0.744178 0.686992 0.743908 0.675211 0.737926 0.675348 0.695845
0 0.892038 0.881568 0.897985 0.881944 0.898689 0.870817 0.892742 0.870441 0.693854
0 0.468959 0.688257 0.475106 0.688657 0.475873 0.67685 0.469726 0.676451 0.69357
0 0.864281 0.811855 0.869859 0.811949 0.870049 0.800625 0.864471 0.800531 0.693057
0 0.509859 0.687624 0.516092 0.687661 0.516165 0.675429 0.509932 0.675392 0.692888
0 0.945657 0.881133 0.951398 0.881242 0.95161 0.870083 0.945869 0.869974 0.692518
0 0.947452 0.854648 0.953262 0.85474 0.953448 0.843096 0.947637 0.843004 0.692301
0 0.734068 0.790618 0.739922 0.790613 0.739912 0.778873 0.734058 0.778878 0.690048
0 0.890315 0.706271 0.896069 0.706629 0.896731 0.695975 0.890978 0.695617 0.689024
0 0.864597 0.685352 0.870435 0.685242 0.870225 0.673961 0.864387 0.67407 0.688953
0 0.864847 0.75095 0.870755 0.750895 0.870634 0.737939 0.864726 0.737994 0.6821
0 0.801399 0.790351 0.807302 0.790368 0.807334 0.779091 0.801431 0.779075 0.681452
0 0.477205 0.754394 0.484383 0.754492 0.484568 0.740902 0.477391 0.740804 0.681124
0 0.87992 0.822486 0.88533 0.822589 0.885528 0.812291 0.880118 0.812187 0.6794
0 0.915699 0.881492 0.921489 0.881609 0.921721 0.870091 0.915932 0.869974 0.677533
0 0.663572 0.690095 0.669798 0.69009 0.669787 0.677029 0.66356 0.677035 0.676811
0 0.664619 0.721309 0.671581 0.721447 0.671825 0.70915 0.664864 0.709011 0.676573
0 0.957232 0.824215 0.963392 0.824352 0.963645 0.812942 0.957485 0.812805 0.676345
0 0.48638 0.689318 0.493174 0.689232 0.493016 0.676696 0.486221 0.676782 0.674983
0 0.849171 0.686719 0.855083 0.686615 0.854867 0.674437 0.848955 0.674542 0.674867
0 0.709185 0.822955 0.714591 0.822943 0.714567 0.812144 0.709161 0.812156 0.674218
0 0.984224 0.783693 0.99031 0.784022 0.990982 0.771579 0.984896 0.771251 0.673501
0 0.742373 0.754498 0.748859 0.754386 0.748646 0.742126 0.742161 0.742238 0.673387
0 0.538714 0.68732 0.544705 0.687523 0.545157 0.674187 0.539166 0.673984 0.672789
0 0.914946 0.685189 0.920803 0.685344 0.921122 0.673291 0.915264 0.673136 0.671819
0 0.983006 0.716652 0.989452 0.716968 0.990055 0.704627 0.983609 0.704312 0.669443
0 0.945646 0.737594 0.95164 0.737779 0.951998 0.72614 0.946004 0.725956 0.669142
0 0.52076 0.750358 0.527217 0.750277 0.527059 0.737644 0.520602 0.737725 0.66785
0 0.966992 0.686097 0.973439 0.687017 0.975025 0.6759 0.968578 0.67498 0.66709
0 0.811761 0.752161 0.818729 0.752158 0.818723 0.740443 0.811755 0.740446 0.666244
0 0.400079 0.775803 0.400325 0.768986 0.389198 0.768584 0.388952 0.775401 0.664444
0 0.989296 0.854888 0.996038 0.855138 0.996494 0.842807 0.989752 0.842558 0.663741
0 0.890919 0.856447 0.897723 0.856357 0.897552 0.843545 0.890748 0.843636 0.662005
0 0.967889 0.809305 0.9741 0.809558 0.974579 0.797789 0.968367 0.797536 0.661745
0 0.820266 0.687893 0.826032 0.68813 0.826558 0.675301 0.820792 0.675065 0.66165
0 0.680516 0.827781 0.686349 0.82785 0.686467 0.817784 0.680634 0.817716 0.660953
0 0.905289 0.739909 0.911975 0.740104 0.91231 0.728639 0.905623 0.728443 0.660786
0 0.780858 0.687481 0.786953 0.687543 0.787078 0.675239 0.780983 0.675177 0.660777
0 0.754418 0.79087 0.760164 0.79091 0.76024 0.780114 0.754494 0.780073 0.660008
0 0.937048 0.843822 0.943804 0.844101 0.944311 0.831848 0.937554 0.831569 0.659724
0 0.427202 0.775589 0.433358 0.775425 0.433068 0.764503 0.426912 0.764667 0.659332
0 0.79079 0.789557 0.796855 0.789432 0.796621 0.778082 0.790556 0.778207 0.657445
0 0.868115 0.718224 0.874417 0.718777 0.875467 0.706811 0.869165 0.706258 0.657097
0 0.487796 0.719904 0.494036 0.719891 0.494012 0.708474 0.487773 0.708487 0.656834
0 0.97463 0.809736 0.980903 0.809792 0.981013 0.797391 0.97474 0.797335 0.656556
0 0.790658 0.720205 0.79763 0.720164 0.797547 0.706445 0.790576 0.706487 0.655623
0 0.89821 0.786514 0.904609 0.786993 0.905507 0.774978 0.899108 0.7745 0.654009
0 0.891257 0.822419 0.897596 0.82255 0.897841 0.810683 0.891501 0.810553 0.652417
0 0.921734 0.739175 0.927776 0.739207 0.927836 0.72791 0.921793 0.727878 0.651763
0 0.930175 0.750637 0.936141 0.75047 0.935758 0.736758 0.929792 0.736925 0.650095
0 0.889895 0.786803 0.896586 0.787339 0.897637 0.774219 0.890946 0.773683 0.649737
0 0.960653 0.879466 0.966495 0.879602 0.966762 0.868179 0.96092 0.868042 0.648792
0 0.938587 0.809164 0.94461 0.809353 0.944957 0.798309 0.938934 0.79812 0.646968
0 0.664907 0.746017 0.671358 0.746253 0.671782 0.734657 0.665332 0.734421 0.646745
0 0.655339 0.917425 0.660915 0.918651 0.663201 0.908252 0.657626 0.907026 0.646728
0 0.74397 0.687164 0.7501 0.68731 0.750381 0.675484 0.744251 0.675339 0.646539
0 0.796505 0.68639 0.803062 0.686373 0.803032 0.675034 0.796476 0.675051 0.646479
0 0.864779 0.775993 0.870406 0.776109 0.870632 0.765138 0.865006 0.765022 0.644748
0 0.874403 0.883841 0.880498 0.884267 0.881372 0.871761 0.875277 0.871335 0.644433
0 0.896326 0.842754 0.901882 0.842889 0.902149 0.83194 0.896592 0.831804 0.644333
0 0.712294 0.68722 0.718294 0.687276 0.718402 0.67547 0.712403 0.675415 0.643586
0 0.790367 0.686801 0.796831 0.686839 0.796904 0.674461 0.79044 0.674423 0.643151
0 0.945953 0.684973 0.953273 0.685911 0.954698 0.674794 0.947378 0.673855 0.642988
0 0.738994 0.811779 0.7443 0.811797 0.744331 0.80233 0.739025 0.802312 0.641667
0 0.896278 0.717426 0.902281 0.71743 0.902291 0.704323 0.896288 0.704318 0.639707
0 0.477139 0.720213 0.484019 0.720164 0.483928 0.707392 0.477048 0.707442 0.639377
0 0.911652 0.855996 0.917224 0.856145 0.917539 0.844327 0.911968 0.844178 0.637866
0 0.915355 0.821264 0.921474 0.821265 0.921475 0.807456 0.915356 0.807456 0.6361
0 0.861298 0.739087 0.867104 0.739164 0.867246 0.728329 0.861441 0.728253 0.634798
0 0.851658 0.813905 0.857353 0.813907 0.857357 0.802342 0.851662 0.802341 0.634417
0 0.899878 0.653007 0.905808 0.653067 0.905928 0.641291 0.899998 0.641231 0.633401
0 0.957869 0.717388 0.96347 0.717543 0.963799 0.705639 0.958199 0.705484 0.630993
0 0.799204 0.7899 0.805527 0.789708 0.805176 0.778141 0.798853 0.778333 0.63094
0 0.938603 0.718966 0.944453 0.719477 0.945606 0.706261 0.939756 0.705751 0.630773
0 0.87978 0.779602 0.885114 0.779707 0.885337 0.768429 0.880003 0.768324 0.630682
0 0.719806 0.687177 0.72565 0.687251 0.725795 0.675702 0.71995 0.675628 0.629156
0 0.723581 0.686873 0.729183 0.686777 0.728996 0.675947 0.723394 0.676044 0.627944
0 0.77419 0.68738 0.780187 0.687507 0.780435 0.675783 0.774439 0.675656 0.627445
0 0.451252 0.747898 0.451337 0.740484 0.440466 0.740361 0.440382 0.747775 0.627356
0 0.922869 0.854751 0.929112 0.854961 0.929491 0.843723 0.923248 0.843512 0.62721
0 0.691826 0.82541 0.697167 0.825389 0.697119 0.813462 0.691779 0.813483 0.627048
0 0.696648 0.687278 0.702666 0.687445 0.70301 0.675013 0.696992 0.674847 0.62584
0 0.895202 0.686847 0.900939 0.686737 0.900713 0.674887 0.894976 0.674996 0.625629
0 0.517266 0.774252 0.524172 0.774064 0.523896 0.763916 0.51699 0.764104 0.623184
0 0.92233 0.718501 0.927987 0.718715 0.928474 0.705833 0.922816 0.705619 0.622625
0 0.72725 0.687303 0.733543 0.687343 0.733621 0.675132 0.727327 0.675092 0.622549
0 0.532229 0.765506 0.532413 0.773368 0.546121 0.773047 0.545937 0.765185 0.621392
0 0.743215 0.822688 0.749718 0.822696 0.74973 0.811663 0.743227 0.811656 0.621059
0 0.645226 0.795032 0.651219 0.795014 0.651185 0.783753 0.645192 0.783771 0.618837
0 0.906309 0.653262 0.912854 0.653249 0.91283 0.641147 0.906286 0.64116 0.618387
0 0.751911 0.708127 0.757149 0.708263 0.757443 0.696963 0.752205 0.696827 0.617988
0 0.67976 0.815401 0.685898 0.815426 0.685947 0.80341 0.679808 0.803385 0.614902
0 0.654975 0.690922 0.661582 0.690928 0.661594 0.677516 0.654987 0.67751 0.614067
0 0.689261 0.925985 0.694959 0.926553 0.696124 0.914871 0.690426 0.914303 0.614038
0 0.806181 0.848913 0.812368 0.848936 0.812411 0.837266 0.806224 0.837243 0.613851
0 0.440845 0.794493 0.446957 0.794483 0.44694 0.784133 0.440828 0.784143 0.613406
0 0.674457 0.722409 0.681296 0.722501 0.681458 0.710383 0.674619 0.710292 0.611048
0 0.624703 0.69067 0.632157 0.6908 0.632396 0.677111 0.624942 0.676981 0.609553
0 0.896468 0.809722 0.901874 0.809898 0.902223 0.799174 0.896816 0.798998 0.608793
0 0.927733 0.809829 0.933677 0.80984 0.933698 0.798792 0.927754 0.798781 0.608302
0 0.844853 0.740861 0.851004 0.741217 0.85167 0.729698 0.84552 0.729342 0.608129
0 0.566999 0.814606 0.572666 0.81455 0.572551 0.802912 0.566884 0.802968 0.607907
0 0.650264 0.794362 0.65667 0.794637 0.657165 0.783104 0.650759 0.782829 0.607178
0 0.844001 0.712497 0.850926 0.712825 0.851533 0.700003 0.844608 0.699675 0.606856
0 0.440841 0.707721 0.441138 0.714113 0.452495 0.713585 0.452198 0.707193 0.606611
0 0.66468 0.813836 0.670575 0.813815 0.67054 0.803727 0.664645 0.803748 0.60594
0 0.477302 0.776427 0.483778 0.776481 0.48388 0.76449 0.477404 0.764436 0.605234
0 0.891198 0.749355 0.896935 0.749489 0.897228 0.736897 0.89149 0.736763 0.604106
0 0.976677 0.716579 0.98253 0.716764 0.982899 0.705049 0.977046 0.704865 0.60287
0 0.93053 0.718369 0.936456 0.718698 0.937167 0.705898 0.93124 0.705569 0.601284
0 0.921739 0.752249 0.9286 0.752151 0.928406 0.738629 0.921544 0.738728 0.601014
