0 0.312254 0.296551 0.313122 0.291645 0.302646 0.28979 0.301777 0.294696 0.856003
0 0.287794 0.422358 0.288711 0.417154 0.27837 0.415333 0.277454 0.420538 0.760098
0 0.219329 0.171228 0.224898 0.172656 0.227423 0.16281 0.221854 0.161382 0.760085
0 0.420956 0.153017 0.427045 0.154209 0.429732 0.140479 0.423643 0.139287 0.75756
0 0.214152 0.438741 0.215067 0.433457 0.204401 0.431611 0.203487 0.436894 0.757383
0 0.34501 0.842918 0.351134 0.844144 0.353622 0.831716 0.347499 0.83049 0.748774
0 0.216878 0.420417 0.217872 0.415921 0.207931 0.413722 0.206937 0.418218 0.740544
0 0.220537 0.405383 0.221411 0.40026 0.210442 0.398387 0.209567 0.403511 0.737842
0 0.320169 0.163442 0.325197 0.164639 0.327612 0.1545 0.322584 0.153302 0.723878
0 0.275201 0.417805 0.276373 0.412342 0.26559 0.410029 0.264418 0.415492 0.714835
0 0.337171 0.340061 0.338132 0.33462 0.328179 0.332863 0.327218 0.338303 0.712656
0 0.35153 0.844995 0.357877 0.846515 0.361011 0.833431 0.354664 0.831911 0.7076
0 0.36428 0.846899 0.370799 0.848475 0.373919 0.835568 0.3674 0.833992 0.701915
0 0.335453 0.296945 0.336382 0.291711 0.327045 0.290054 0.326116 0.295287 0.69745
0 0.234223 0.1752 0.239574 0.176552 0.242458 0.165144 0.237107 0.163791 0.691629
0 0.337518 0.28909 0.338322 0.284376 0.327932 0.282603 0.327127 0.287316 0.690496
0 0.226835 0.143208 0.232354 0.14438 0.23448 0.134367 0.228961 0.133196 0.688057
0 0.268503 0.453764 0.269935 0.448296 0.260164 0.445737 0.258732 0.451205 0.683784
0 0.193961 0.157319 0.199514 0.158723 0.202273 0.147812 0.19672 0.146408 0.68029
0 0.325642 0.340022 0.326378 0.33444 0.31719 0.333228 0.316454 0.33881 0.677296
0 0.368328 0.308677 0.369705 0.303112 0.358427 0.300322 0.357051 0.305887 0.676344
0 0.239692 0.420112 0.240401 0.414793 0.230848 0.413518 0.230138 0.418837 0.675145
0 0.359026 0.350455 0.360341 0.345488 0.350842 0.342973 0.349527 0.347941 0.675003
0 0.317749 0.373742 0.318717 0.368683 0.309602 0.36694 0.308634 0.371999 0.672468
0 0.211071 0.169357 0.216615 0.170663 0.219123 0.160014 0.213579 0.158708 0.671228
0 0.336928 0.166996 0.341833 0.168121 0.344332 0.157217 0.339427 0.156093 0.668568
0 0.297779 0.358858 0.299144 0.353884 0.28909 0.351125 0.287725 0.356099 0.668314
0 0.304116 0.33466 0.305081 0.329301 0.294455 0.327387 0.29349 0.332746 0.667899
0 0.267416 0.460006 0.268614 0.455071 0.258188 0.45254 0.25699 0.457475 0.667893
0 0.361791 0.335582 0.362682 0.330626 0.352774 0.328845 0.351883 0.333801 0.667871
0 0.294175 0.256749 0.295598 0.251264 0.285907 0.248749 0.284484 0.254235 0.666595
0 0.349763 0.281707 0.351063 0.276063 0.341293 0.273812 0.339993 0.279456 0.666335
0 0.327903 0.328867 0.328692 0.323698 0.318272 0.322108 0.317483 0.327276 0.665993
0 0.32059 0.422437 0.321635 0.417513 0.312122 0.415496 0.311078 0.420419 0.665141
0 0.218165 0.413123 0.21908 0.408227 0.20931 0.406401 0.208395 0.411297 0.664
0 0.314546 0.282754 0.315569 0.277649 0.304935 0.275519 0.303912 0.280624 0.663876
0 0.202801 0.483193 0.203801 0.47797 0.193838 0.476062 0.192837 0.481286 0.662862
0 0.341368 0.313138 0.342621 0.307797 0.333165 0.305579 0.331912 0.31092 0.661118
0 0.294888 0.372958 0.296055 0.367949 0.286033 0.365615 0.284867 0.370624 0.656605
0 0.196052 0.165813 0.201833 0.167224 0.204636 0.15574 0.198855 0.154329 0.656216
0 0.317287 0.265079 0.318646 0.259517 0.309168 0.257201 0.307809 0.262764 0.65606
0 0.632197 0.295559 0.633376 0.290682 0.623854 0.288382 0.622676 0.293259 0.654955
0 0.339523 0.282532 0.34062 0.277149 0.329142 0.274809 0.328045 0.280193 0.653811
0 0.321829 0.417821 0.323204 0.412709 0.313471 0.410091 0.312096 0.415203 0.647072
0 0.210282 0.451233 0.211325 0.446486 0.201304 0.444283 0.200261 0.449031 0.645878
0 0.225862 0.484266 0.226918 0.479243 0.217739 0.477313 0.216683 0.482337 0.641582
0 0.241984 0.145834 0.247287 0.146909 0.249387 0.136544 0.244084 0.13547 0.639372
0 0.241711 0.459887 0.242381 0.455104 0.232824 0.453765 0.232154 0.458548 0.639184
0 0.276266 0.413818 0.277617 0.408446 0.267269 0.405844 0.265918 0.411216 0.638284
0 0.284549 0.437241 0.285432 0.432268 0.27557 0.430517 0.274687 0.43549 0.637917
0 0.340737 0.275131 0.342084 0.269539 0.330663 0.266788 0.329316 0.27238 0.637495
0 0.453656 0.864511 0.4598 0.86637 0.463389 0.854508 0.457246 0.852649 0.636671
0 0.320815 0.25565 0.322312 0.249698 0.311823 0.247061 0.310327 0.253013 0.634399
0 0.329661 0.165089 0.334821 0.166324 0.337351 0.155759 0.332191 0.154523 0.634385
0 0.311372 0.412533 0.312526 0.40761 0.303231 0.405432 0.302078 0.410355 0.631457
0 0.283116 0.154514 0.288163 0.155357 0.289958 0.144608 0.284912 0.143765 0.623057
0 0.350711 0.271439 0.352099 0.265973 0.342466 0.263526 0.341078 0.268992 0.622717
0 0.265781 0.140193 0.27159 0.141599 0.274547 0.129381 0.268739 0.127975 0.622296
0 0.312843 0.289918 0.313712 0.284897 0.303491 0.28313 0.302623 0.288152 0.621495
0 0.306027 0.906361 0.307077 0.900452 0.296023 0.89849 0.294974 0.904399 0.618039
0 0.371839 0.287552 0.373593 0.282142 0.363455 0.278853 0.3617 0.284263 0.618029
0 0.2928 0.261149 0.294019 0.256087 0.284241 0.253732 0.283022 0.258795 0.616403
0 0.250463 0.146639 0.255654 0.147765 0.25786 0.137591 0.252669 0.136465 0.608507
0 0.272156 0.436762 0.273064 0.431725 0.262647 0.429846 0.261739 0.434883 0.607952
0 0.405683 0.856078 0.411753 0.857405 0.414637 0.844217 0.408567 0.842889 0.607311
0 0.173524 0.130445 0.179272 0.131741 0.181624 0.121316 0.175876 0.12002 0.606256
0 0.273677 0.429316 0.274717 0.424514 0.265227 0.422459 0.264187 0.427261 0.605384
0 0.264231 0.468282 0.265187 0.463583 0.255035 0.461518 0.254079 0.466217 0.603705
0 0.346583 0.297581 0.347475 0.292636 0.337388 0.290818 0.336497 0.295763 0.603366
0 0.34414 0.303675 0.345183 0.299031 0.335978 0.296963 0.334935 0.301607 0.601596
0 0.214611 0.432992 0.215523 0.427857 0.205777 0.426127 0.204865 0.431261 0.601359
0 0.453741 0.0682525 0.459846 0.0694462 0.461495 0.0610155 0.45539 0.0598218 0.600695
