4 0.954663 0.301153 0.971409 0.29042 0.912728 0.198862 0.895982 0.209595 0.835155
4 0.940765 0.311274 0.955401 0.302015 0.901113 0.216203 0.886477 0.225462 0.801552
4 0.55544 0.358727 0.581495 0.346646 0.518857 0.211559 0.492802 0.223641 0.772501
4 0.661638 0.509821 0.678665 0.502981 0.650104 0.431885 0.633078 0.438725 0.746017
4 0.81094 0.967335 0.837592 0.959073 0.788884 0.801958 0.762232 0.81022 0.727884
4 0.921004 0.308089 0.934119 0.298665 0.877778 0.220258 0.864663 0.229682 0.726353
4 0.909156 0.318645 0.922192 0.308987 0.865728 0.232778 0.852692 0.242436 0.717814
4 0.725883 0.613263 0.739712 0.607388 0.712086 0.542371 0.698258 0.548247 0.644298
4 0.735125 0.601758 0.747212 0.596093 0.721408 0.541033 0.709321 0.546697 0.638648
4 0.74446 0.590577 0.754255 0.58587 0.738779 0.553664 0.728984 0.558371 0.610408
