1 0.301998 0.486771 0.333099 0.417969 0.259128 0.384531 0.228026 0.453333 0.908683
0 0.672126 0.540465 0.678393 0.540462 0.678387 0.528927 0.67212 0.52893 0.7944
0 0.934125 0.506626 0.93785 0.501817 0.929143 0.495073 0.925418 0.499882 0.790969
0 0.941928 0.46162 0.946407 0.456856 0.938212 0.44915 0.933733 0.453914 0.790535
0 0.880724 0.470118 0.884611 0.465626 0.876249 0.45839 0.872362 0.462882 0.788875
0 0.0939617 0.717536 0.100491 0.71806 0.101442 0.706207 0.0949133 0.705683 0.783031
0 0.800531 0.429965 0.805135 0.424569 0.796753 0.417416 0.792148 0.422812 0.782053
0 0.960482 0.472631 0.96506 0.468519 0.958244 0.460931 0.953666 0.465043 0.781527
0 0.833072 0.336318 0.837113 0.331627 0.828913 0.324563 0.824872 0.329254 0.776691
0 0.696495 0.55663 0.70267 0.556655 0.702716 0.545346 0.696541 0.545321 0.773853
0 0.0238206 0.880841 0.0297911 0.881036 0.030163 0.869612 0.0241924 0.869418 0.770518
0 0.825374 0.398499 0.829267 0.393744 0.820688 0.38672 0.816795 0.391475 0.768203
0 0.895918 0.499858 0.899797 0.495534 0.891697 0.488268 0.887818 0.492592 0.76391
0 0.95281 0.431373 0.956351 0.426857 0.947377 0.419822 0.943837 0.424338 0.760783
0 0.919917 0.369146 0.923695 0.36427 0.915937 0.358259 0.912159 0.363135 0.760298
0 0.88736 0.423558 0.891603 0.418843 0.88363 0.41167 0.879387 0.416385 0.753496
0 0.895177 0.364098 0.898145 0.35973 0.889355 0.353756 0.886387 0.358123 0.752313
0 0.959872 0.369494 0.963689 0.364536 0.955533 0.358256 0.951716 0.363214 0.75188
0 0.857124 0.461993 0.86115 0.457377 0.853011 0.450278 0.848985 0.454894 0.750747
0 0.795983 0.36901 0.799736 0.364244 0.791514 0.357769 0.787761 0.362534 0.745151
0 0.696875 0.540613 0.703294 0.540544 0.703174 0.529408 0.696754 0.529477 0.740919
0 0.849074 0.31943 0.853141 0.314841 0.84517 0.307777 0.841103 0.312366 0.740708
0 0.858627 0.495493 0.862326 0.490458 0.854426 0.484654 0.850727 0.489689 0.740697
0 0.902702 0.492782 0.90667 0.48835 0.898476 0.481015 0.894508 0.485447 0.739165
0 0.0782526 0.717214 0.0843381 0.717623 0.0852087 0.704692 0.0791232 0.704282 0.732342
0 0.839801 0.328385 0.843856 0.323755 0.836541 0.317348 0.832486 0.321978 0.73137
0 0.809036 0.366758 0.813151 0.361907 0.805111 0.355087 0.800997 0.359937 0.730766
0 0.333645 0.868489 0.337787 0.863439 0.328764 0.856039 0.324622 0.861089 0.730484
0 0.155737 0.724262 0.157198 0.730201 0.169582 0.727154 0.16812 0.721215 0.730186
0 0.857367 0.360176 0.861128 0.355318 0.852678 0.348776 0.848917 0.353635 0.728182
0 0.936132 0.479794 0.941287 0.476062 0.934708 0.466975 0.929553 0.470707 0.72766
0 0.8875 0.461122 0.891354 0.456335 0.883011 0.449618 0.879157 0.454405 0.726721
0 0.84199 0.36215 0.845665 0.357594 0.837403 0.350931 0.833729 0.355487 0.726088
0 0.0555307 0.808918 0.0617381 0.809135 0.0621474 0.797432 0.05594 0.797215 0.725301
0 0.943788 0.391797 0.947187 0.387731 0.939587 0.381378 0.936188 0.385444 0.723896
0 0.934908 0.367096 0.938656 0.362358 0.92975 0.355312 0.926002 0.36005 0.72381
0 0.0479079 0.879985 0.0535976 0.880141 0.053892 0.869364 0.0482024 0.869208 0.723691
0 0.928975 0.512645 0.932955 0.507593 0.923718 0.500317 0.919738 0.50537 0.721459
0 0.810044 0.400169 0.813807 0.3955 0.805784 0.389033 0.802021 0.393702 0.720597
0 0.0353236 0.75055 0.0413473 0.750409 0.041068 0.738459 0.0350443 0.7386 0.7198
0 0.679761 0.54153 0.68576 0.541581 0.685859 0.529829 0.67986 0.529778 0.718952
0 0.704911 0.540029 0.710766 0.540006 0.710725 0.529551 0.704869 0.529574 0.71871
0 0.687175 0.541798 0.693369 0.54174 0.69325 0.529177 0.687056 0.529236 0.718349
0 0.81122 0.416984 0.815184 0.412181 0.806712 0.40519 0.802749 0.409994 0.717134
0 0.974355 0.406195 0.978386 0.401441 0.969732 0.394104 0.965702 0.398859 0.716209
0 0.921439 0.470131 0.925362 0.4656 0.917801 0.459054 0.913878 0.463586 0.712715
0 0.707043 0.558103 0.713174 0.557981 0.712937 0.546098 0.706806 0.54622 0.710784
0 0.894653 0.415533 0.899071 0.410725 0.89136 0.40364 0.886943 0.408448 0.710126
0 0.747902 0.336358 0.751313 0.332269 0.743933 0.326113 0.740521 0.330202 0.706318
0 0.0467293 0.809085 0.0526803 0.809275 0.0530483 0.79773 0.0470972 0.79754 0.705191
0 0.871471 0.478174 0.875182 0.473832 0.867369 0.467153 0.863657 0.471496 0.704972
0 0.967606 0.533466 0.97209 0.528349 0.964218 0.521451 0.959735 0.526568 0.704585
0 0.758963 0.556134 0.765532 0.555921 0.765138 0.543784 0.758569 0.543997 0.704526
0 0.951016 0.398628 0.954942 0.393946 0.945668 0.386169 0.941742 0.390851 0.704279
0 0.984047 0.511944 0.988135 0.507168 0.979652 0.499908 0.975564 0.504684 0.702164
0 0.840967 0.431102 0.844815 0.426159 0.836725 0.419861 0.832877 0.424804 0.700175
0 0.975618 0.557986 0.979612 0.553224 0.972097 0.546921 0.968103 0.551683 0.699412
0 0.755127 0.328257 0.758841 0.324062 0.750788 0.316933 0.747074 0.321127 0.697786
0 0.980627 0.211339 0.980725 0.218517 0.99232 0.218359 0.992222 0.211181 0.69758
0 0.835492 0.368992 0.839324 0.364182 0.831824 0.358206 0.827991 0.363015 0.696687
0 0.724039 0.367392 0.727491 0.362575 0.718872 0.356398 0.71542 0.361215 0.69618
0 0.887372 0.47697 0.891479 0.472284 0.883722 0.465484 0.879615 0.470169 0.696136
0 0.0718157 0.736126 0.0784876 0.736531 0.0791229 0.726067 0.0724509 0.725662 0.6946
0 0.827897 0.431738 0.831664 0.42698 0.823679 0.420658 0.819912 0.425415 0.69436
0 0.964931 0.537534 0.968959 0.532851 0.960849 0.525876 0.956821 0.530559 0.693104
0 0.662771 0.54141 0.66942 0.541363 0.669337 0.529502 0.662688 0.529549 0.692312
0 0.755417 0.414839 0.759257 0.410546 0.752059 0.404107 0.748219 0.4084 0.69169
0 0.0522256 0.749417 0.058637 0.749367 0.0585338 0.736088 0.0521224 0.736138 0.690233
0 0.904401 0.336145 0.907838 0.331738 0.89875 0.324651 0.895313 0.329058 0.690224
0 0.871743 0.429461 0.8754 0.424861 0.867153 0.418305 0.863497 0.422905 0.688671
0 0.966533 0.360957 0.970326 0.356204 0.962193 0.349715 0.958401 0.354468 0.688535
0 0.0209599 0.810065 0.026465 0.81016 0.0266586 0.79887 0.0211534 0.798776 0.687535
0 0.849528 0.454624 0.853383 0.450083 0.844983 0.442952 0.841128 0.447492 0.686009
0 0.868193 0.433139 0.872116 0.428122 0.863749 0.421579 0.859826 0.426596 0.685954
0 0.787263 0.37784 0.791224 0.372956 0.783542 0.366726 0.779581 0.37161 0.685933
0 0.749079 0.55704 0.755887 0.556883 0.755561 0.542764 0.748753 0.542922 0.685752
0 0.890034 0.356004 0.893935 0.350991 0.885517 0.34444 0.881616 0.349452 0.685276
0 0.0324317 0.880639 0.0381612 0.880823 0.038515 0.869842 0.0327855 0.869657 0.684989
0 0.912433 0.392644 0.916354 0.388021 0.908855 0.38166 0.904934 0.386284 0.681493
0 0.987991 0.507197 0.991991 0.502741 0.984239 0.495782 0.980239 0.500237 0.681147
0 0.739755 0.346992 0.743495 0.342299 0.735613 0.336017 0.731873 0.34071 0.68102
0 0.0633696 0.716767 0.0691856 0.71719 0.070076 0.704925 0.06426 0.704503 0.680512
0 0.820383 0.337973 0.824567 0.33309 0.81611 0.325843 0.811925 0.330726 0.680169
0 0.720292 0.558245 0.726634 0.558294 0.726729 0.545917 0.720388 0.545868 0.679423
0 0.0356913 0.843692 0.040848 0.843862 0.0411909 0.833469 0.0360343 0.833299 0.678626
0 0.0324903 0.808856 0.0381838 0.809023 0.038506 0.79804 0.0328125 0.797873 0.67718
0 0.817359 0.304927 0.821437 0.300197 0.813021 0.29294 0.808943 0.297669 0.676924
0 0.0206519 0.75122 0.0269779 0.751088 0.0267016 0.737801 0.0203756 0.737933 0.675812
0 0.858678 0.290948 0.86261 0.286263 0.854576 0.279521 0.850644 0.284206 0.675619
0 0.881672 0.416488 0.885625 0.411941 0.877941 0.405261 0.873988 0.409808 0.675232
0 0.993449 0.24074 0.993507 0.23435 0.98295 0.234253 0.982891 0.240643 0.674442
0 0.839772 0.381816 0.843806 0.376826 0.83486 0.369593 0.830825 0.374582 0.673893
0 0.981069 0.515784 0.984922 0.511126 0.976799 0.504408 0.972946 0.509065 0.673532
0 0.729279 0.555952 0.735606 0.556038 0.735744 0.545765 0.729418 0.54568 0.671748
0 0.850121 0.367737 0.854046 0.362848 0.844074 0.354842 0.840148 0.359731 0.67152
0 0.781287 0.332633 0.785594 0.327258 0.776925 0.320311 0.772618 0.325687 0.670046
0 0.826165 0.38328 0.829798 0.378778 0.821661 0.372211 0.818028 0.376714 0.669791
0 0.0823951 0.809041 0.0881017 0.808962 0.0879536 0.798244 0.0822469 0.798323 0.669243
0 0.772229 0.361539 0.775804 0.356823 0.768034 0.350931 0.764458 0.355647 0.668519
0 0.910523 0.429386 0.913845 0.425081 0.906197 0.41918 0.902875 0.423486 0.668069
0 0.905268 0.437479 0.908835 0.432995 0.899677 0.425711 0.89611 0.430195 0.666245
0 0.895017 0.312925 0.898886 0.308355 0.890745 0.301462 0.886876 0.306033 0.665071
0 0.834417 0.42334 0.838085 0.418526 0.82953 0.412008 0.825862 0.416821 0.664542
0 0.793303 0.280831 0.797403 0.275875 0.78928 0.269156 0.785181 0.274112 0.663956
0 0.633006 0.559615 0.638578 0.559887 0.639165 0.547848 0.633593 0.547576 0.663669
0 0.927348 0.374953 0.931 0.370277 0.922866 0.363925 0.919214 0.368601 0.66328
0 0.847537 0.30554 0.85168 0.300723 0.84352 0.293705 0.839377 0.298523 0.663108
0 0.832474 0.389692 0.836271 0.385038 0.828188 0.378442 0.82439 0.383096 0.663038
0 0.801483 0.358889 0.805348 0.354146 0.797251 0.347548 0.793386 0.35229 0.662752
0 0.795166 0.383062 0.799094 0.378307 0.79174 0.372233 0.787812 0.376988 0.662718
0 0.08502 0.717867 0.0914133 0.718335 0.092325 0.705862 0.0859317 0.705394 0.662391
0 0.936667 0.414741 0.940126 0.410351 0.931743 0.403746 0.928284 0.408137 0.661954
0 0.927446 0.362349 0.931211 0.357536 0.922554 0.350765 0.91879 0.355577 0.661836
0 0.0208289 0.853641 0.0263586 0.853919 0.0268947 0.843271 0.0213649 0.842993 0.661807
0 0.849458 0.354692 0.853186 0.349812 0.844326 0.343041 0.840597 0.347921 0.660839
0 0.90242 0.303584 0.906031 0.298894 0.898348 0.29298 0.894738 0.29767 0.659602
0 0.906212 0.387235 0.910245 0.382402 0.902619 0.376038 0.898587 0.380871 0.659454
0 0.0531289 0.751438 0.059695 0.751786 0.0604401 0.737752 0.0538739 0.737404 0.659318
0 0.897781 0.449056 0.901321 0.444618 0.892053 0.437227 0.888514 0.441666 0.659123
0 0.00353289 0.821985 0.0104947 0.822246 0.0110221 0.808223 0.0040603 0.807961 0.658967
0 0.81706 0.391214 0.820687 0.386862 0.813213 0.380633 0.809586 0.384985 0.658145
0 0.842995 0.463423 0.846872 0.458663 0.838929 0.452193 0.835052 0.456953 0.658141
0 0.746822 0.390608 0.750718 0.386061 0.742912 0.379372 0.739016 0.383919 0.657927
0 0.64936 0.541656 0.655858 0.541688 0.655914 0.53042 0.649416 0.530388 0.657895
0 0.98284 0.226201 0.982869 0.232917 0.992865 0.232873 0.992836 0.226157 0.657268
0 0.922225 0.52072 0.925936 0.515859 0.91701 0.509043 0.913299 0.513904 0.657267
0 0.919332 0.437545 0.922875 0.432861 0.913769 0.425973 0.910226 0.430657 0.656697
0 0.0637197 0.784928 0.0702427 0.784755 0.0698758 0.770967 0.0633528 0.771141 0.65633
0 0.944063 0.441127 0.947798 0.436422 0.940062 0.430282 0.936328 0.434986 0.656288
0 0.160813 0.736973 0.162425 0.743166 0.173097 0.740388 0.171485 0.734195 0.654647
0 0.857115 0.447232 0.860966 0.442731 0.852603 0.435577 0.848752 0.440078 0.654208
0 0.960396 0.542841 0.964363 0.538336 0.956248 0.531191 0.952281 0.535696 0.653626
0 0.827194 0.329075 0.83104 0.324598 0.822734 0.317463 0.818888 0.32194 0.653279
0 0.959667 0.336237 0.963333 0.331492 0.954956 0.325019 0.951289 0.329764 0.653162
0 0.92172 0.316573 0.925556 0.311939 0.917445 0.305224 0.913609 0.309858 0.65314
0 0.888267 0.321042 0.892264 0.31654 0.884256 0.30943 0.880259 0.313932 0.65232
0 0.0616107 0.750579 0.0681658 0.750978 0.0690472 0.736502 0.0624921 0.736103 0.651729
0 0.921766 0.434163 0.925429 0.429231 0.916054 0.422268 0.912391 0.4272 0.650974
0 0.804657 0.268763 0.808689 0.26395 0.80035 0.256963 0.796318 0.261775 0.650383
0 0.854944 0.397616 0.858991 0.392662 0.851573 0.386601 0.847526 0.391556 0.649938
0 0.0713337 0.749842 0.0779013 0.750168 0.078635 0.735363 0.0720674 0.735038 0.649639
0 0.887903 0.373765 0.891405 0.369296 0.883004 0.362713 0.879502 0.367181 0.649347
0 0.0790951 0.853214 0.0853139 0.853213 0.0853113 0.842238 0.0790926 0.84224 0.648987
0 0.895144 0.453208 0.898834 0.448565 0.890197 0.4417 0.886506 0.446343 0.648473
0 0.113722 0.835239 0.113722 0.841528 0.125284 0.841527 0.125284 0.835239 0.64844
0 0.744282 0.341958 0.747844 0.337324 0.739609 0.330995 0.736047 0.335629 0.648153
0 0.76318 0.408523 0.76702 0.404065 0.758842 0.397022 0.755003 0.40148 0.648098
0 0.927332 0.462133 0.931384 0.45765 0.923342 0.450379 0.919289 0.454862 0.647652
0 0.967535 0.376446 0.971173 0.37167 0.962702 0.365217 0.959064 0.369993 0.647498
0 0.786104 0.430461 0.79021 0.425627 0.781672 0.418377 0.777567 0.423211 0.647346
0 0.776779 0.388997 0.780608 0.384174 0.772606 0.377821 0.768777 0.382644 0.645989
0 0.941014 0.3593 0.944748 0.354498 0.936774 0.348297 0.93304 0.353099 0.645148
0 0.0630596 0.736817 0.0687934 0.737249 0.0696307 0.726134 0.0638969 0.725703 0.644297
0 0.786052 0.343545 0.789626 0.338872 0.781623 0.332751 0.778048 0.337424 0.644055
0 0.810906 0.31281 0.815033 0.308111 0.807002 0.301058 0.802875 0.305757 0.642896
0 0.0325317 0.738655 0.0390015 0.73876 0.0392013 0.726452 0.0327315 0.726346 0.642652
0 0.918742 0.335066 0.922301 0.330322 0.914332 0.324344 0.910774 0.329088 0.642016
0 0.973998 0.459856 0.978155 0.45549 0.969848 0.447581 0.965691 0.451947 0.641964
0 0.727018 0.363325 0.73061 0.358233 0.721681 0.351935 0.718089 0.357027 0.641791
0 0.0669106 0.843473 0.0722092 0.843489 0.072243 0.831773 0.0669444 0.831758 0.641175
0 0.803856 0.409575 0.807688 0.404873 0.79973 0.398388 0.795898 0.40309 0.640656
0 0.831634 0.321474 0.835511 0.316912 0.827336 0.309964 0.823459 0.314526 0.640541
0 0.746851 0.375866 0.750757 0.371134 0.742498 0.364316 0.738592 0.369048 0.639782
0 0.96043 0.439274 0.964212 0.434539 0.955409 0.427507 0.951627 0.432242 0.639633
0 0.769903 0.364429 0.772957 0.360084 0.764379 0.354054 0.761325 0.358398 0.639222
0 0.371226 0.858288 0.375204 0.853353 0.367371 0.847041 0.363394 0.851976 0.638801
0 0.0854948 0.822886 0.0916466 0.822892 0.0916603 0.810642 0.0855085 0.810635 0.638707
0 0.958503 0.422303 0.962055 0.417664 0.953501 0.411114 0.949949 0.415753 0.638594
0 0.872604 0.390237 0.876198 0.385666 0.868301 0.379457 0.864707 0.384028 0.638316
0 0.865168 0.385843 0.86886 0.381187 0.860645 0.374672 0.856953 0.379328 0.637941
0 0.927556 0.514475 0.931337 0.509535 0.921917 0.502328 0.918137 0.507268 0.637818
0 0.849156 0.407485 0.852935 0.402888 0.844535 0.395981 0.840755 0.400579 0.636878
0 0.874832 0.42599 0.878934 0.421004 0.871118 0.414574 0.867016 0.41956 0.636638
0 0.733431 0.393413 0.737179 0.389 0.729389 0.382386 0.725642 0.386799 0.634922
0 0.0310165 0.705943 0.0372595 0.706724 0.0386474 0.695627 0.0324044 0.694846 0.634455
0 0.865406 0.486629 0.869184 0.481855 0.860833 0.475245 0.857055 0.480019 0.634369
0 0.0820858 0.74818 0.0879957 0.748145 0.0879263 0.736398 0.0820164 0.736433 0.633824
0 0.819399 0.441655 0.823429 0.436678 0.815376 0.430158 0.811346 0.435135 0.633251
0 0.796088 0.331782 0.800211 0.326901 0.792448 0.320345 0.788326 0.325226 0.632957
0 0.76554 0.355401 0.769319 0.350461 0.761066 0.344149 0.757288 0.349088 0.632858
0 0.881665 0.329556 0.885589 0.325071 0.877562 0.318049 0.873639 0.322534 0.632615
0 0.779533 0.387485 0.783696 0.382339 0.77515 0.375426 0.770987 0.380572 0.632187
0 0.826795 0.344742 0.830747 0.340263 0.823094 0.33351 0.819142 0.337988 0.631587
0 0.864633 0.392764 0.868236 0.388201 0.859411 0.381232 0.855808 0.385795 0.631545
0 0.90031 0.512511 0.903699 0.507763 0.895349 0.501803 0.89196 0.506551 0.631181
0 0.905568 0.299576 0.909454 0.294576 0.90087 0.287905 0.896984 0.292905 0.631081
0 0.792447 0.388639 0.796094 0.384172 0.788076 0.377625 0.784429 0.382092 0.630435
0 0.800343 0.327215 0.804325 0.322654 0.797119 0.316364 0.793138 0.320925 0.630141
0 0.944605 0.355749 0.948499 0.350793 0.940245 0.344307 0.936351 0.349263 0.627352
0 0.687725 0.517238 0.693821 0.517329 0.694022 0.503844 0.687926 0.503753 0.62717
0 0.761892 0.375849 0.765699 0.371205 0.757867 0.364786 0.75406 0.36943 0.626945
0 0.862588 0.453737 0.866626 0.449137 0.859558 0.442931 0.85552 0.447531 0.625846
0 0.770526 0.398236 0.774143 0.393619 0.765607 0.386933 0.76199 0.391549 0.625127
0 0.927076 0.312054 0.931103 0.30746 0.922247 0.299698 0.91822 0.304292 0.624702
0 0.966107 0.430437 0.969889 0.425537 0.961435 0.419014 0.957653 0.423914 0.624635
0 0.905584 0.489791 0.909793 0.484837 0.901518 0.477807 0.897309 0.482762 0.624242
0 0.952307 0.449405 0.956276 0.444552 0.947858 0.437668 0.943889 0.442521 0.62418
0 0.794921 0.436708 0.798802 0.432161 0.790319 0.424919 0.786438 0.429465 0.623644
0 0.946264 0.543244 0.950536 0.538793 0.942539 0.53112 0.938267 0.535571 0.623433
0 0.973919 0.351864 0.977452 0.347438 0.969597 0.341167 0.966063 0.345593 0.622915
0 0.850219 0.470899 0.853943 0.466471 0.846121 0.459892 0.842396 0.464319 0.62238
0 0.800023 0.273641 0.804201 0.268671 0.795548 0.261398 0.79137 0.266368 0.622361
0 0.897554 0.344478 0.901075 0.339965 0.892407 0.333204 0.888886 0.337717 0.622343
0 0.851729 0.401806 0.855793 0.396855 0.848074 0.390519 0.84401 0.39547 0.621841
0 0.772638 0.395492 0.776695 0.390286 0.768205 0.383668 0.764147 0.388874 0.621205
0 0.0830804 0.717391 0.088837 0.717427 0.0889112 0.705396 0.0831546 0.705361 0.621183
0 0.625939 0.558985 0.631603 0.559232 0.632124 0.547307 0.62646 0.547059 0.620937
0 0.015938 0.739044 0.0220821 0.73906 0.0221093 0.72821 0.0159653 0.728194 0.62053
0 0.890381 0.370283 0.894137 0.365498 0.886348 0.359383 0.882591 0.364169 0.620363
0 0.817304 0.408353 0.821308 0.403485 0.813172 0.396793 0.809168 0.401661 0.619613
0 0.992137 0.53937 0.995444 0.534649 0.98597 0.528014 0.982664 0.532735 0.618734
0 0.0154015 0.881085 0.0214378 0.881275 0.0218019 0.869753 0.0157657 0.869563 0.618457
0 0.945152 0.403725 0.949487 0.398444 0.940299 0.390902 0.935965 0.396183 0.618389
0 0.707238 0.516346 0.713427 0.516373 0.713478 0.504489 0.707289 0.504462 0.618265
0 0.943707 0.339316 0.947777 0.334165 0.939506 0.32763 0.935435 0.332781 0.61804
0 0.973766 0.524154 0.977646 0.5197 0.969731 0.512804 0.965851 0.517258 0.61794
0 0.374539 0.853914 0.378362 0.849267 0.370707 0.842969 0.366884 0.847616 0.617894
0 0.681393 0.557417 0.687152 0.557607 0.687518 0.546523 0.681758 0.546333 0.617513
0 0.761444 0.359114 0.764849 0.354573 0.757074 0.348743 0.753669 0.353285 0.617451
0 0.915457 0.339995 0.91888 0.335587 0.91053 0.329102 0.907107 0.333511 0.616647
0 0.723833 0.516313 0.729739 0.516454 0.730008 0.505187 0.724102 0.505046 0.616563
0 0.630313 0.559111 0.636383 0.559234 0.636619 0.547592 0.630549 0.54747 0.615304
0 0.878829 0.421524 0.882573 0.417045 0.874958 0.410679 0.871214 0.415158 0.615017
0 0.883439 0.363259 0.887348 0.358118 0.879775 0.352361 0.875866 0.357502 0.614217
0 0.816242 0.34318 0.820457 0.338349 0.812452 0.331365 0.808237 0.336195 0.613998
0 0.860526 0.307932 0.864765 0.302989 0.856728 0.296097 0.852489 0.30104 0.613488
0 0.929883 0.308088 0.933963 0.303498 0.925668 0.296125 0.921588 0.300715 0.613152
0 0.53801 0.988827 0.542605 0.983646 0.534422 0.976388 0.529827 0.981569 0.612903
0 0.904532 0.506941 0.908357 0.502299 0.899987 0.495403 0.896163 0.500045 0.612316
0 0.252276 0.633299 0.257708 0.637424 0.264911 0.62794 0.259478 0.623815 0.612129
0 0.780032 0.351556 0.783568 0.346885 0.775027 0.340419 0.771491 0.345089 0.611902
0 0.14668 0.690854 0.148165 0.696682 0.157679 0.694258 0.156193 0.688429 0.611893
0 0.734165 0.353646 0.737769 0.348809 0.730014 0.343029 0.726409 0.347865 0.611728
0 0.993898 0.534468 0.997617 0.529239 0.988308 0.52262 0.98459 0.527849 0.610974
0 0.67714 0.558219 0.683008 0.558282 0.683136 0.546346 0.677268 0.546283 0.610594
0 0.883784 0.48269 0.887635 0.478108 0.879265 0.471072 0.875414 0.475653 0.610061
0 0.753919 0.383171 0.757982 0.378471 0.750228 0.371768 0.746165 0.376468 0.610016
0 0.0534734 0.774051 0.0601742 0.77417 0.0603891 0.76212 0.0536882 0.762001 0.609918
0 0.326131 0.876097 0.3302 0.871435 0.322087 0.864354 0.318018 0.869016 0.609896
0 0.858857 0.394715 0.862623 0.389967 0.854511 0.383534 0.850745 0.388282 0.609598
0 0.817154 0.28897 0.820951 0.284082 0.812619 0.277608 0.808821 0.282495 0.609594
0 0.920506 0.4208 0.923968 0.416137 0.915778 0.410055 0.912315 0.414717 0.609152
0 0.913544 0.325343 0.917571 0.32012 0.909335 0.313771 0.905308 0.318995 0.609096
0 0.0456423 0.704353 0.0516756 0.70542 0.0535596 0.694765 0.0475263 0.693699 0.608837
0 0.0874985 0.853637 0.0937922 0.853826 0.0941468 0.842026 0.0878531 0.841837 0.608231
0 0.803723 0.306609 0.807546 0.302137 0.800006 0.29569 0.796183 0.300163 0.608015
0 0.00350142 0.686633 0.0104444 0.686739 0.0106353 0.674183 0.0036923 0.674078 0.607818
0 0.416 0.692328 0.422872 0.696839 0.43069 0.684931 0.423818 0.68042 0.607511
0 0.0247629 0.820803 0.0297548 0.820804 0.0297573 0.808876 0.0247653 0.808875 0.607105
0 0.93961 0.236986 0.947103 0.237508 0.948208 0.221645 0.940716 0.221123 0.606308
0 0.703229 0.51722 0.708821 0.51741 0.709264 0.504376 0.703672 0.504186 0.60628
0 0.934559 0.45358 0.938326 0.449275 0.930373 0.442315 0.926606 0.446619 0.606262
0 0.0326651 0.856338 0.0387252 0.856464 0.0389851 0.843965 0.032925 0.843839 0.606226
0 0.474091 0.60401 0.480286 0.608697 0.489565 0.596432 0.48337 0.591745 0.60577
0 0.85481 0.413292 0.858907 0.408364 0.85049 0.401366 0.846393 0.406293 0.60522
0 0.921409 0.236157 0.928623 0.237465 0.931543 0.221362 0.924328 0.220054 0.604868
0 0.831696 0.27362 0.835625 0.269021 0.828206 0.26268 0.824276 0.267279 0.60485
0 0.00522106 0.783463 0.0119905 0.783502 0.0120724 0.769478 0.00530303 0.769439 0.603967
0 0.866307 0.400905 0.870024 0.396341 0.862147 0.389925 0.85843 0.394488 0.603641
0 0.777178 0.405157 0.780798 0.400729 0.77388 0.395073 0.770259 0.399501 0.60287
0 0.860531 0.338901 0.864333 0.333745 0.856005 0.327605 0.852204 0.332761 0.602114
0 0.865781 0.336961 0.869183 0.332444 0.85979 0.32537 0.856388 0.329887 0.60108
0 0.0641589 0.809833 0.0701823 0.810037 0.0705801 0.798307 0.0645567 0.798103 0.601008
0 0.739187 0.383867 0.74293 0.379391 0.734853 0.372638 0.73111 0.377114 0.600588
0 0.909844 0.328322 0.913444 0.323647 0.90563 0.31763 0.90203 0.322305 0.60047
0 0.823455 0.298259 0.82743 0.293416 0.819757 0.287119 0.815782 0.291962 0.60029
