0 0.12176 0.514275 0.125687 0.509603 0.117513 0.502733 0.113586 0.507406 0.75901
0 0.114162 0.52328 0.118122 0.518535 0.109531 0.511364 0.10557 0.516108 0.719715
0 0.0385002 0.446491 0.0421673 0.441813 0.0335021 0.435021 0.029835 0.4397 0.699768
0 0.107478 0.530686 0.111537 0.525819 0.103081 0.518766 0.0990215 0.523632 0.683863
0 0.136413 0.494059 0.140415 0.48957 0.132945 0.482912 0.128943 0.487401 0.67926
0 0.165898 0.0388995 0.167115 0.0308272 0.154685 0.028953 0.153468 0.0370252 0.67256
0 0.0662346 0.531658 0.0703832 0.526594 0.062061 0.519776 0.0579123 0.524841 0.667911
0 0.130154 0.501311 0.13413 0.496917 0.126475 0.489991 0.122499 0.494385 0.666831
0 0.102836 0.487899 0.107428 0.482803 0.0986653 0.474904 0.0940725 0.48 0.666239
0 0.14629 0.48476 0.150135 0.480268 0.141979 0.473286 0.138134 0.477778 0.6648
0 0.116767 0.520705 0.121006 0.515551 0.112382 0.508457 0.108143 0.51361 0.652789
0 0.109327 0.481443 0.113885 0.476424 0.105011 0.468367 0.100454 0.473386 0.646236
0 0.0661002 0.514509 0.0702728 0.509517 0.062723 0.503206 0.0585504 0.508198 0.641303
0 0.0741779 0.522353 0.0781581 0.517548 0.0700571 0.510837 0.0660769 0.515642 0.63497
0 0.0438662 0.437614 0.0475963 0.432803 0.0393217 0.426388 0.0355916 0.431199 0.630776
0 0.0896108 0.538843 0.0934028 0.534241 0.0855932 0.527806 0.0818013 0.532408 0.614959
0 0.0838128 0.508872 0.0876461 0.50449 0.0796997 0.497538 0.0758664 0.50192 0.610006
0 0.0123218 0.476492 0.0163883 0.471546 0.00819003 0.464805 0.00412359 0.469751 0.609942
