0 0.333825 0.328133 0.335121 0.322891 0.324942 0.320375 0.323647 0.325618 0.796924
0 0.0940332 0.350753 0.0949613 0.345668 0.0848834 0.343829 0.0839553 0.348914 0.760429
0 0.131649 0.335659 0.132591 0.330526 0.122402 0.328656 0.12146 0.333788 0.756579
0 0.037892 0.460383 0.0391435 0.45504 0.0286933 0.452592 0.0274418 0.457935 0.751756
0 0.0539554 0.436138 0.0550403 0.431215 0.0456363 0.429143 0.0445513 0.434066 0.743921
0 0.10904 0.288877 0.1098 0.283398 0.0983455 0.281811 0.0975862 0.28729 0.73719
0 0.00996738 0.480248 0.0108006 0.474507 0.000119689 0.472957 -0.000713518 0.478698 0.729631
0 0.0606844 0.279632 0.0616996 0.274479 0.0513578 0.272441 0.0503426 0.277594 0.729363
0 0.0828056 0.296021 0.0837518 0.290973 0.0724199 0.288849 0.0714737 0.293897 0.728332
0 0.0475486 0.413273 0.0483922 0.408285 0.0377142 0.406479 0.0368706 0.411467 0.718193
0 0.0633242 0.264933 0.0644516 0.259795 0.0542409 0.257554 0.0531135 0.262693 0.707594
0 0.0894554 0.370398 0.0905651 0.36501 0.0799814 0.36283 0.0788718 0.368219 0.703788
0 0.0872813 0.276507 0.0883576 0.271253 0.0773512 0.268998 0.0762748 0.274252 0.703447
0 0.108915 0.340642 0.110173 0.334803 0.0988784 0.332371 0.097621 0.33821 0.701231
0 0.059493 0.421944 0.0602336 0.416454 0.0493462 0.414985 0.0486056 0.420476 0.699194
0 0.0253049 0.260743 0.0265512 0.255186 0.0162441 0.252874 0.0149979 0.258431 0.685226
0 0.387548 0.245897 0.389064 0.240541 0.379553 0.237848 0.378037 0.243204 0.684146
0 0.0379227 0.828795 0.0457344 0.829972 0.0478791 0.815732 0.0400674 0.814555 0.682987
0 0.342424 0.287131 0.343369 0.282148 0.333249 0.28023 0.332304 0.285213 0.682532
0 0.38255 0.264016 0.383744 0.259174 0.374318 0.25685 0.373124 0.261692 0.678995
0 0.0852475 0.389216 0.086431 0.383672 0.0770119 0.381662 0.0758285 0.387206 0.678785
0 0.0927413 0.417711 0.0940662 0.412328 0.0837167 0.40978 0.0823917 0.415163 0.675353
0 0.103155 0.311144 0.103835 0.306154 0.0933087 0.30472 0.0926288 0.30971 0.672733
0 0.0876492 0.2734 0.0887509 0.26852 0.0781765 0.266132 0.0770748 0.271012 0.670025
0 0.191894 0.152635 0.19838 0.15371 0.200526 0.140765 0.19404 0.139689 0.666387
0 0.0909193 0.255461 0.0924246 0.24997 0.0822426 0.247179 0.0807373 0.25267 0.66484
0 0.115979 0.842737 0.122264 0.844215 0.125266 0.831459 0.118981 0.82998 0.661852
0 0.0538917 0.154112 0.0602412 0.155172 0.0622774 0.142985 0.0559278 0.141924 0.66159
0 0.112392 0.3213 0.113044 0.316109 0.102867 0.314831 0.102215 0.320022 0.658493
0 0.0375214 0.20216 0.0420861 0.204916 0.0476183 0.195753 0.0430536 0.192997 0.655632
0 0.062042 0.273663 0.0631576 0.268308 0.0525766 0.266103 0.051461 0.271458 0.651193
0 0.340181 0.303975 0.34111 0.298381 0.330767 0.296663 0.329838 0.302257 0.649842
0 0.0461334 0.420359 0.0469928 0.414993 0.0362787 0.413277 0.0354192 0.418643 0.648637
0 0.405881 0.274813 0.407289 0.269331 0.397671 0.26686 0.396263 0.272342 0.646323
0 0.03992 0.249337 0.0411403 0.244408 0.0320831 0.242166 0.0308628 0.247094 0.645858
0 0.120504 0.390544 0.121909 0.385272 0.111427 0.382478 0.110022 0.38775 0.645607
0 0.111087 0.274579 0.11211 0.269679 0.101475 0.267459 0.100452 0.272359 0.64276
0 0.373117 0.261298 0.374082 0.255884 0.364932 0.254252 0.363967 0.259667 0.640992
0 0.0906449 0.422752 0.0922755 0.417181 0.0826765 0.414371 0.081046 0.419943 0.640129
0 0.0413448 0.444137 0.0427661 0.438612 0.0320949 0.435867 0.0306736 0.441392 0.638099
0 0.100188 0.165246 0.105334 0.166533 0.108004 0.155859 0.102858 0.154572 0.635957
0 0.341888 0.292852 0.342808 0.287515 0.333094 0.28584 0.332173 0.291177 0.635615
0 0.0077623 0.164579 0.0129612 0.165398 0.0144891 0.155695 0.00929023 0.154876 0.633843
0 0.0752681 0.3265 0.076504 0.321358 0.0665316 0.318961 0.0652956 0.324103 0.633324
0 0.0675333 0.358922 0.0689448 0.353814 0.0593551 0.351164 0.0579437 0.356272 0.633035
0 0.413073 0.250632 0.414589 0.244923 0.403274 0.241918 0.401758 0.247627 0.631989
0 0.109401 0.32871 0.110216 0.323305 0.100962 0.321911 0.100148 0.327316 0.631541
0 0.0459038 0.476083 0.047162 0.471207 0.0376557 0.468754 0.0363975 0.473631 0.631319
0 0.0783738 0.314285 0.079651 0.309121 0.0699425 0.30672 0.0686653 0.311883 0.630472
0 0.172549 0.306997 0.177743 0.307981 0.179724 0.297522 0.17453 0.296538 0.624987
0 0.113392 0.31308 0.114121 0.307417 0.104113 0.306127 0.103383 0.31179 0.624491
0 0.0653576 0.258465 0.066565 0.253425 0.0556557 0.250811 0.0544482 0.255851 0.620339
0 0.0280389 0.246512 0.0290748 0.240766 0.0203731 0.239197 0.0193372 0.244943 0.619922
0 0.131299 0.342484 0.132406 0.337266 0.122184 0.335096 0.121076 0.340314 0.619602
0 0.0875881 0.382332 0.0886064 0.377297 0.079019 0.375358 0.0780007 0.380393 0.613441
0 0.0848336 0.28289 0.0861094 0.277291 0.0763249 0.275062 0.075049 0.280661 0.61341
0 0.0893018 0.262332 0.0903628 0.256513 0.0798939 0.254604 0.0788329 0.260423 0.612104
0 0.408455 0.26634 0.41004 0.26107 0.399698 0.257959 0.398113 0.263229 0.610827
0 0.348797 0.256574 0.350046 0.251297 0.339338 0.248762 0.338089 0.254039 0.610099
0 0.13784 0.308104 0.139339 0.30263 0.128864 0.299762 0.127365 0.305235 0.60832
0 0.384753 0.258406 0.385813 0.253194 0.376354 0.251269 0.375293 0.25648 0.606317
0 0.0889972 0.375495 0.0900008 0.370361 0.0798283 0.368373 0.0788247 0.373506 0.605175
0 0.370454 0.320527 0.371461 0.315402 0.361664 0.313475 0.360656 0.3186 0.604393
0 0.0777361 0.438062 0.0788767 0.432996 0.0682386 0.430601 0.0670979 0.435667 0.604228
0 0.206366 0.0929103 0.212017 0.0938494 0.213768 0.083314 0.208116 0.0823749 0.603783
0 0.0264088 0.259819 0.0278816 0.253696 0.0175816 0.251218 0.0161087 0.257342 0.60217
0 0.0349646 0.469582 0.0365962 0.463863 0.0264285 0.460962 0.0247969 0.466682 0.601961
0 0.0982611 0.328396 0.0991972 0.322755 0.0897765 0.321192 0.0888404 0.326833 0.60124
0 0.122633 0.381184 0.123953 0.375368 0.114078 0.373126 0.112757 0.378942 0.60104
0 0.403172 0.295033 0.404321 0.289757 0.393414 0.287381 0.392265 0.292656 0.600072
0 0.0595679 0.416887 0.0604673 0.411027 0.0505675 0.409508 0.0496682 0.415368 0.600044
