4 0.216815 0.485383 0.238693 0.509949 0.345581 0.414761 0.323703 0.390195 0.827249
4 0.723951 0.572841 0.750626 0.557084 0.673292 0.426165 0.646617 0.441923 0.823759
4 0.0179196 0.562004 0.0211963 0.593177 0.17765 0.576732 0.174374 0.545559 0.809987
4 0.756486 0.560031 0.782558 0.544702 0.707573 0.417169 0.681501 0.432499 0.805911
4 0.241036 0.506472 0.261385 0.529161 0.370594 0.431214 0.350246 0.408526 0.802355
4 0.524938 0.696345 0.548909 0.673757 0.43936 0.557501 0.415389 0.580089 0.7913
4 0.27125 0.519917 0.289588 0.541377 0.389093 0.456354 0.370756 0.434893 0.781801
0 0.143812 0.17909 0.155551 0.173978 0.142715 0.144498 0.130976 0.149609 0.732598
0 0.351376 0.0772775 0.351969 0.0673167 0.334175 0.0662569 0.333582 0.0762178 0.719804
0 0.216086 0.156747 0.227595 0.151087 0.212612 0.120619 0.201103 0.126279 0.712272
0 0.190572 0.161921 0.202698 0.155742 0.188708 0.128287 0.176582 0.134466 0.688087
0 0.335821 0.0781025 0.335895 0.0884722 0.354715 0.0883377 0.354641 0.077968 0.687948
0 0.157073 0.178334 0.168121 0.174003 0.15654 0.144458 0.145492 0.148788 0.685123
0 0.167843 0.172632 0.17871 0.168318 0.167388 0.139803 0.156521 0.144118 0.678743
0 0.289916 0.102148 0.302037 0.0986078 0.292546 0.0661128 0.280425 0.0696529 0.678369
0 0.315174 0.107514 0.320657 0.118996 0.34656 0.106628 0.341077 0.0951461 0.661263
4 0.197029 0.852596 0.221383 0.836948 0.149365 0.724869 0.125011 0.740517 0.654208
0 0.203739 0.159878 0.21438 0.154255 0.198643 0.124476 0.188002 0.1301 0.62317
0 0.325887 0.129988 0.331295 0.140633 0.356709 0.127722 0.351301 0.117077 0.621081
0 0.329919 0.14103 0.335827 0.152153 0.362293 0.138096 0.356385 0.126973 0.601667
