4 0.458047 0.386032 0.464191 0.362681 0.392192 0.343737 0.386048 0.367088 0.896855
4 0.325579 0.295213 0.333132 0.270959 0.255391 0.246749 0.247838 0.271003 0.890551
4 0.435491 0.466925 0.442257 0.445409 0.368191 0.422117 0.361424 0.443633 0.884247
4 0.420387 0.540187 0.42483 0.518513 0.353914 0.503976 0.349471 0.52565 0.883692
4 0.474177 0.333116 0.479873 0.310216 0.411556 0.293222 0.40586 0.316122 0.88151
4 0.442315 0.439983 0.449252 0.414571 0.375008 0.394304 0.368071 0.419716 0.870157
4 0.466775 0.358553 0.472673 0.333456 0.399982 0.316371 0.394083 0.341468 0.870114
4 0.427959 0.4908 0.434944 0.467084 0.365233 0.446551 0.358247 0.470267 0.869772
4 0.423573 0.516377 0.4301 0.491628 0.356751 0.472286 0.350225 0.497036 0.865288
4 0.531928 0.335225 0.536176 0.317134 0.491586 0.306663 0.487338 0.324754 0.863884
4 0.316441 0.316198 0.322325 0.294489 0.249344 0.274708 0.24346 0.296418 0.862912
4 0.298349 0.332981 0.303557 0.312461 0.245419 0.297707 0.240211 0.318228 0.857919
4 0.104101 0.673625 0.122546 0.689553 0.178607 0.624637 0.160163 0.608708 0.857412
4 0.482167 0.306213 0.488649 0.283703 0.42828 0.266318 0.421798 0.288829 0.851603
4 0.493135 0.517284 0.497325 0.497401 0.440145 0.485352 0.435955 0.505235 0.849408
4 0.423568 0.575424 0.43089 0.554067 0.34614 0.525014 0.338819 0.546371 0.84765
4 0.503597 0.227418 0.510674 0.204654 0.445994 0.184546 0.438917 0.207311 0.845846
4 0.516796 0.406762 0.522175 0.388693 0.474311 0.374443 0.468932 0.392513 0.843696
4 -0.0123937 0.670543 0.0030982 0.686749 0.0472688 0.644527 0.0317769 0.62832 0.843435
4 0.486653 0.280995 0.494343 0.25792 0.432714 0.237381 0.425024 0.260456 0.839327
4 0.510741 0.202824 0.51708 0.179797 0.444332 0.159768 0.437993 0.182795 0.839298
4 0.0848879 0.655421 0.103806 0.671286 0.15977 0.604556 0.140852 0.588691 0.839064
4 0.453364 0.410612 0.459499 0.387881 0.394845 0.37043 0.388709 0.393161 0.838251
4 0.592415 0.610663 0.616426 0.62553 0.669793 0.539344 0.645783 0.524476 0.836219
4 0.204843 0.703472 0.22324 0.717955 0.27028 0.658204 0.251884 0.643721 0.834894
4 0.222196 0.347991 0.228792 0.325785 0.181077 0.311611 0.174481 0.333817 0.83423
4 0.0573517 0.633681 0.0800134 0.652411 0.140082 0.579734 0.11742 0.561004 0.832932
4 0.0382215 0.755212 0.0572091 0.773431 0.117422 0.710677 0.0984344 0.692458 0.827508
4 0.498208 0.252513 0.50546 0.231905 0.451118 0.212781 0.443865 0.233389 0.820873
4 0.532177 0.387813 0.536606 0.366858 0.479663 0.354823 0.475234 0.375778 0.82031
4 0.12107 0.69565 0.14151 0.713035 0.195091 0.650037 0.174651 0.632652 0.819565
4 0.693467 0.658613 0.711206 0.67292 0.762585 0.609216 0.744846 0.594909 0.809471
4 0.539582 0.316771 0.544176 0.298174 0.498081 0.286786 0.493486 0.305383 0.8084
4 0.148445 0.714296 0.167508 0.731047 0.222695 0.66824 0.203632 0.65149 0.801817
4 0.485096 0.536864 0.488992 0.518596 0.437183 0.507546 0.433287 0.525814 0.798646
4 0.0573154 0.77823 0.0764012 0.796384 0.139294 0.730263 0.120208 0.712109 0.794648
4 0.280406 0.350526 0.285497 0.33174 0.236994 0.318596 0.231903 0.337382 0.783353
4 0.491854 0.489668 0.495532 0.471951 0.44926 0.462346 0.445582 0.480062 0.783249
4 0.233183 0.532695 0.240014 0.512349 0.155757 0.484058 0.148926 0.504404 0.777958
4 0.247496 0.507693 0.253213 0.48877 0.189214 0.469434 0.183497 0.488357 0.772772
4 0.247122 0.481139 0.252033 0.46223 0.199711 0.448642 0.1948 0.46755 0.772378
4 0.254619 0.460108 0.259618 0.441102 0.207555 0.427409 0.202556 0.446415 0.771171
4 0.305448 0.259399 0.310416 0.241679 0.265376 0.229054 0.260409 0.246774 0.769491
4 0.257698 0.414348 0.26256 0.396468 0.220536 0.38504 0.215674 0.40292 0.766782
4 0.364087 0.18351 0.369727 0.161414 0.292433 0.141686 0.286793 0.163782 0.766138
4 0.315557 0.240245 0.32056 0.219983 0.270549 0.207634 0.265546 0.227896 0.764374
4 0.00222824 0.692043 0.0176671 0.707256 0.0653597 0.658855 0.0499208 0.643642 0.761257
4 0.268722 0.372249 0.274307 0.353103 0.230604 0.340355 0.225019 0.359501 0.757191
4 0.72044 0.690381 0.733502 0.702738 0.76397 0.670531 0.750908 0.658174 0.75501
4 -0.0161158 0.870756 0.00448131 0.884076 0.0361679 0.835077 0.0155708 0.821757 0.753135
4 0.236551 0.279229 0.242261 0.260836 0.196836 0.246734 0.191126 0.265127 0.752715
4 0.523183 0.352545 0.527133 0.3338 0.485818 0.325093 0.481868 0.343838 0.743829
4 0.234203 0.30004 0.240303 0.281219 0.188533 0.26444 0.182433 0.283261 0.732069
4 0.67544 0.621699 0.692159 0.635942 0.729443 0.592176 0.712724 0.577933 0.714464
4 0.50081 0.426759 0.50566 0.409446 0.466367 0.398438 0.461517 0.415752 0.691678
4 0.253355 0.435648 0.258325 0.417494 0.213189 0.405136 0.208219 0.42329 0.675575
4 0.33686 0.197666 0.341786 0.179279 0.288957 0.165127 0.284032 0.183514 0.655711
4 0.242447 0.25987 0.24784 0.243386 0.211115 0.231372 0.205722 0.247857 0.651457
4 0.500885 0.446204 0.505192 0.428326 0.462027 0.417929 0.457721 0.435808 0.643479
4 0.263578 0.186965 0.268169 0.17286 0.233418 0.161547 0.228826 0.175652 0.642069
4 0.225368 0.313223 0.230475 0.2978 0.195635 0.286265 0.190529 0.301688 0.64164
4 0.267977 0.170662 0.272638 0.156961 0.24226 0.146626 0.237599 0.160327 0.636309
4 0.209474 0.379973 0.213267 0.365059 0.179257 0.356409 0.175463 0.371323 0.626804
4 0.328942 0.220521 0.334772 0.199985 0.279642 0.184335 0.273812 0.20487 0.621335
4 0.567522 0.245902 0.576096 0.215691 0.52332 0.200714 0.514747 0.230925 0.61782
4 0.204742 0.398047 0.208998 0.381565 0.169264 0.371307 0.165008 0.387789 0.615723
4 0.71901 0.538145 0.734939 0.51821 0.674972 0.470295 0.659043 0.490231 0.60236
