4 0.623147 0.510308 0.644764 0.525607 0.69067 0.46074 0.669053 0.445442 0.892273
4 0.553016 0.439177 0.571109 0.453491 0.619646 0.39214 0.601553 0.377827 0.888571
4 0.593948 0.55788 0.608146 0.569314 0.637571 0.532776 0.623373 0.521342 0.888049
4 0.466626 0.445143 0.481536 0.458102 0.512607 0.422355 0.497697 0.409396 0.880983
4 0.47997 0.461373 0.49586 0.474296 0.529175 0.433334 0.513285 0.420411 0.878966
4 0.74703 0.441548 0.765237 0.45788 0.824133 0.39222 0.805926 0.375888 0.868257
4 0.792717 0.339528 0.810924 0.354966 0.866695 0.289189 0.848488 0.273752 0.863283
4 0.645967 0.523983 0.664714 0.538341 0.706698 0.483521 0.687951 0.469164 0.856125
4 0.829973 0.379256 0.849743 0.395643 0.903261 0.33108 0.883491 0.314692 0.853562
4 0.595934 0.583966 0.611127 0.597785 0.652537 0.552259 0.637344 0.53844 0.851
4 0.809274 0.359672 0.829401 0.376852 0.887008 0.30936 0.86688 0.29218 0.849728
4 0.447748 0.432482 0.463366 0.445489 0.496544 0.405649 0.480926 0.392643 0.847144
4 0.912111 0.388208 0.9314 0.403156 0.977466 0.343708 0.958176 0.32876 0.846556
4 0.50104 0.390572 0.519878 0.405637 0.566558 0.347268 0.54772 0.332203 0.844283
4 0.625906 0.328928 0.643848 0.34574 0.703149 0.28245 0.685207 0.265639 0.844096
4 0.499962 0.649696 0.518893 0.665995 0.572326 0.603933 0.553394 0.587635 0.842886
4 0.765716 0.319154 0.788408 0.337811 0.84665 0.266975 0.823957 0.248317 0.840771
4 0.495241 0.476685 0.510756 0.489125 0.542034 0.450115 0.526519 0.437675 0.840668
4 0.506477 0.689867 0.526104 0.706687 0.585258 0.63766 0.565631 0.62084 0.839292
4 0.662499 0.540482 0.678878 0.554754 0.719847 0.507735 0.703468 0.493464 0.83333
4 0.691145 0.360932 0.705356 0.376111 0.752102 0.332348 0.737891 0.317169 0.829608
4 0.535489 0.423248 0.551658 0.436737 0.592022 0.388356 0.575854 0.374866 0.826539
4 0.674858 0.311818 0.689494 0.325019 0.719883 0.291327 0.705247 0.278126 0.824046
4 0.428583 0.41949 0.443946 0.433706 0.481017 0.393644 0.465655 0.379428 0.822599
4 0.517459 0.405784 0.534378 0.419763 0.569965 0.376694 0.553046 0.362715 0.821356
4 0.669941 0.579389 0.688103 0.593086 0.743118 0.520138 0.724955 0.50644 0.818388
4 0.669701 0.350647 0.685138 0.366278 0.733624 0.318394 0.718187 0.302763 0.817925
4 0.575543 0.451262 0.590536 0.462744 0.617316 0.427774 0.602323 0.416292 0.817062
4 0.852547 0.400664 0.873204 0.418838 0.931454 0.352633 0.910797 0.334459 0.800424
4 0.766294 0.463259 0.785 0.480195 0.843179 0.415934 0.824473 0.398998 0.795
4 0.437176 0.34543 0.456304 0.360505 0.49963 0.305533 0.480502 0.290457 0.794574
4 0.478484 0.376996 0.494592 0.390257 0.538624 0.336772 0.522516 0.32351 0.792141
4 0.940036 0.218215 0.946962 0.196505 0.862548 0.169578 0.855622 0.191289 0.790026
4 0.45896 0.362168 0.476942 0.376969 0.526308 0.31699 0.508326 0.30219 0.782982
4 0.419845 0.582083 0.43309 0.592912 0.466167 0.552456 0.452922 0.541627 0.782779
4 0.543341 0.512606 0.555879 0.523502 0.589679 0.484605 0.57714 0.473709 0.774196
4 0.954223 0.16752 0.95927 0.148472 0.906111 0.134386 0.901064 0.153435 0.772232
4 0.710366 0.375977 0.726205 0.391688 0.773303 0.344208 0.757464 0.328497 0.770163
4 0.95301 0.193349 0.959227 0.172832 0.897176 0.154029 0.890959 0.174545 0.763477
4 0.42052 0.399811 0.432585 0.411377 0.460733 0.382015 0.448668 0.370448 0.754785
4 0.960111 0.14618 0.965457 0.126833 0.91473 0.112815 0.909383 0.132162 0.723637
4 0.407073 0.390861 0.417969 0.400904 0.444879 0.371707 0.433983 0.361664 0.715029
4 0.619069 0.295295 0.635109 0.31024 0.685993 0.255629 0.669953 0.240684 0.676575
4 0.335894 0.563629 0.345728 0.57258 0.365553 0.5508 0.355719 0.541848 0.658729
0 0.582956 0.26017 0.593704 0.27101 0.620487 0.244455 0.609739 0.233615 0.657929
4 0.343866 0.574295 0.353084 0.582424 0.371383 0.561672 0.362164 0.553543 0.621756
4 0.522196 0.479634 0.53446 0.489304 0.555798 0.462245 0.543534 0.452575 0.619563
