4 0.458759 0.0719668 0.464924 0.0484326 0.392539 0.029469 0.386374 0.0530032 0.886419
4 0.435995 0.152847 0.442795 0.131537 0.368593 0.107857 0.361792 0.129166 0.884006
4 -0.0126943 0.356903 0.00296631 0.372729 0.0454302 0.33071 0.0297696 0.314884 0.880352
4 0.592139 0.295472 0.615939 0.310742 0.669452 0.227334 0.645652 0.212064 0.877147
4 0.532938 0.0203528 0.536704 0.00223829 0.491535 -0.00715056 0.48777 0.0109639 0.872365
4 0.465077 0.0445653 0.470632 0.0206192 0.396965 0.00353128 0.39141 0.0274774 0.870987
4 0.428585 0.178449 0.436713 0.15503 0.366658 0.130717 0.35853 0.154136 0.867837
4 0.423137 0.202798 0.429918 0.178032 0.356502 0.157933 0.349721 0.182699 0.863914
4 0.102895 0.360395 0.121331 0.375784 0.177955 0.307948 0.159519 0.292559 0.862433
4 0.442137 0.126231 0.449223 0.100796 0.374373 0.0799423 0.367287 0.105377 0.858652
4 0.532277 0.0735517 0.536615 0.0527219 0.477989 0.0405107 0.47365 0.0613405 0.855347
4 0.419933 0.228898 0.425724 0.207151 0.354336 0.188141 0.348545 0.209887 0.853461
4 0.205025 0.388394 0.223674 0.403327 0.271122 0.344074 0.252473 0.32914 0.846445
4 0.0587917 0.319815 0.082035 0.3383 0.139195 0.266427 0.115951 0.247942 0.843471
4 0.453197 0.095153 0.459206 0.0731928 0.394047 0.0553619 0.388038 0.077322 0.842631
4 0.120353 0.381315 0.141577 0.39903 0.195414 0.334529 0.17419 0.316814 0.840261
4 0.424189 0.260905 0.431507 0.239298 0.346903 0.210641 0.339585 0.232248 0.83577
4 0.0841334 0.339612 0.104891 0.356748 0.159751 0.290293 0.138994 0.273157 0.828839
4 0.146398 0.39865 0.167247 0.417305 0.223462 0.354479 0.202613 0.335824 0.824438
4 0.69329 0.344525 0.711522 0.359124 0.763049 0.294774 0.744817 0.280175 0.821995
4 0.039773 0.441027 0.0588006 0.458239 0.119863 0.390735 0.100835 0.373523 0.820946
4 0.516733 0.0927935 0.52215 0.0744287 0.47417 0.0602771 0.468753 0.0786419 0.814068
4 0.492765 0.203237 0.497072 0.183226 0.440151 0.170973 0.435843 0.190983 0.810101
4 0.676872 0.306735 0.692916 0.320481 0.729855 0.277365 0.713811 0.263619 0.807454
4 0.232591 0.218384 0.239709 0.197594 0.156774 0.169201 0.149656 0.189991 0.80578
4 0.485145 0.222082 0.489221 0.203839 0.437638 0.192313 0.433561 0.210556 0.801731
4 0.500358 0.111594 0.504877 0.0945863 0.466152 0.0842975 0.461633 0.101305 0.791631
4 0.00165657 0.37761 0.0175867 0.393362 0.0645564 0.345859 0.0486262 0.330108 0.790587
4 0.0593328 0.46316 0.0783902 0.480453 0.13904 0.413615 0.119983 0.396322 0.789858
4 0.524905 0.03694 0.527852 0.0193608 0.486536 0.0124366 0.48359 0.0300158 0.78461
4 0.246563 0.166711 0.251458 0.147997 0.199781 0.134481 0.194886 0.153195 0.77904
4 0.71989 0.376133 0.73347 0.389126 0.764111 0.357099 0.750531 0.344106 0.772795
4 0.246962 0.193244 0.25279 0.173199 0.191896 0.155494 0.186068 0.175539 0.756873
4 -0.0158253 0.557051 0.00431212 0.569883 0.0362528 0.519754 0.0161154 0.506923 0.751875
4 0.502417 0.129231 0.50522 0.112528 0.460974 0.105101 0.45817 0.121804 0.747218
4 0.491646 0.176318 0.495976 0.158321 0.449413 0.147116 0.445082 0.165113 0.747211
4 0.253857 0.145945 0.25902 0.126879 0.207334 0.112883 0.202171 0.131949 0.7377
4 0.269857 0.056474 0.274423 0.0381272 0.229352 0.0269102 0.224786 0.045257 0.732691
4 0.116376 0.438041 0.127474 0.448512 0.151286 0.423275 0.140188 0.412803 0.700091
4 0.71945 0.224223 0.735883 0.203663 0.674837 0.154869 0.658404 0.175429 0.683242
4 0.281318 0.0346295 0.285498 0.0156149 0.235222 0.00456186 0.231042 0.0235764 0.677887
4 0.475222 0.241989 0.479488 0.225427 0.433966 0.213699 0.4297 0.230261 0.653854
4 0.473729 0.0155605 0.47514 0.000997055 0.416401 -0.00469374 0.41499 0.00986969 0.636904
0 0.203651 0.0849406 0.209074 0.0688053 0.168803 0.0552716 0.16338 0.0714069 0.62582
0 0.198289 0.102354 0.203536 0.0869517 0.166669 0.0743942 0.161423 0.0897966 0.620696
4 -0.0138274 0.329353 0.00172806 0.342917 0.0252239 0.315971 0.00966846 0.302407 0.607753
