4 0.553787 0.75275 0.570922 0.766417 0.619595 0.705394 0.602459 0.691727 0.885363
4 0.499542 0.965282 0.518899 0.981807 0.573083 0.918338 0.553726 0.901813 0.869059
4 0.624814 0.822312 0.646252 0.837946 0.692421 0.774637 0.670984 0.759003 0.868286
4 0.645614 0.83896 0.664581 0.853597 0.706425 0.799376 0.687458 0.784738 0.866847
4 0.593966 0.872174 0.60837 0.883753 0.63791 0.847007 0.623505 0.835427 0.862652
4 0.765375 0.633987 0.78754 0.652499 0.846826 0.581514 0.824661 0.563002 0.861326
4 0.747622 0.756082 0.765981 0.772432 0.823 0.708409 0.80464 0.692058 0.86065
4 0.46647 0.760818 0.481021 0.773376 0.51211 0.737356 0.49756 0.724797 0.853935
4 0.809756 0.674309 0.82887 0.690646 0.886412 0.623319 0.867298 0.606983 0.850604
4 0.480527 0.774751 0.495326 0.78749 0.529474 0.747822 0.514675 0.735083 0.845742
4 0.625225 0.642722 0.642937 0.659582 0.70202 0.597514 0.684307 0.580654 0.84062
4 0.675225 0.625954 0.68903 0.639136 0.719995 0.606707 0.70619 0.593525 0.840395
4 0.495487 0.791125 0.511344 0.803377 0.541807 0.763953 0.52595 0.751701 0.840225
4 0.792207 0.655086 0.810148 0.67002 0.866987 0.601736 0.849046 0.586802 0.839844
4 0.596309 0.898859 0.612161 0.912936 0.650653 0.869591 0.634801 0.855514 0.837156
4 0.829735 0.694506 0.849274 0.710846 0.901771 0.648073 0.882232 0.631732 0.83507
4 0.512226 0.998771 0.53205 1.01517 0.587807 0.947767 0.567983 0.931368 0.833727
4 0.668925 0.894119 0.687232 0.908184 0.743684 0.834704 0.725376 0.82064 0.832417
4 0.536278 0.736956 0.552965 0.750634 0.591795 0.703261 0.575108 0.689583 0.831549
4 0.448277 0.746954 0.463923 0.759947 0.496875 0.720264 0.481229 0.707272 0.824975
4 0.500243 0.707109 0.519276 0.721966 0.566811 0.661071 0.547778 0.646214 0.821784
4 0.76829 0.776433 0.786507 0.792918 0.842874 0.730632 0.824657 0.714147 0.818637
4 0.419388 0.897244 0.433699 0.908109 0.465341 0.866431 0.45103 0.855566 0.81851
4 0.516764 0.720843 0.53381 0.734957 0.570394 0.690774 0.553348 0.67666 0.818241
4 0.437862 0.660392 0.457031 0.675242 0.500013 0.619755 0.480843 0.604906 0.811171
4 0.911898 0.70255 0.930766 0.717267 0.977084 0.657887 0.958216 0.64317 0.810948
4 0.663075 0.854902 0.679076 0.868875 0.719882 0.822147 0.703882 0.808174 0.805335
4 0.711111 0.691479 0.726303 0.706377 0.772757 0.659005 0.757564 0.644107 0.801325
4 0.690907 0.675297 0.70484 0.690391 0.754134 0.64489 0.740201 0.629795 0.800573
0 0.957241 0.225635 0.960891 0.210713 0.92599 0.202176 0.92234 0.217098 0.798951
4 0.428889 0.735107 0.444314 0.748787 0.480485 0.708004 0.46506 0.694324 0.795616
4 0.459803 0.67638 0.477305 0.690716 0.526307 0.630892 0.508806 0.616556 0.795024
4 0.671199 0.665107 0.685402 0.679432 0.733489 0.631757 0.719286 0.617432 0.793647
4 0.853462 0.715301 0.873122 0.732496 0.930316 0.667105 0.910656 0.64991 0.792424
4 0.543497 0.827478 0.555966 0.837956 0.590099 0.797339 0.57763 0.786861 0.784018
4 0.336458 0.878269 0.3469 0.887252 0.366015 0.865032 0.355573 0.856049 0.783045
4 0.479057 0.691445 0.495765 0.705087 0.539677 0.651306 0.522969 0.637664 0.780283
4 0.939013 0.532752 0.946042 0.512121 0.863091 0.483862 0.856062 0.504493 0.775306
4 0.343471 0.888519 0.353034 0.89695 0.371563 0.875931 0.362 0.8675 0.767066
4 0.9526 0.507253 0.958546 0.487068 0.896091 0.468671 0.890145 0.488857 0.767043
4 0.575634 0.765608 0.589668 0.776494 0.616498 0.741906 0.602464 0.73102 0.760576
4 0.954432 0.481646 0.959563 0.462245 0.906241 0.448141 0.901109 0.467542 0.746688
4 0.420683 0.713799 0.432877 0.725185 0.460237 0.695885 0.448044 0.684499 0.733008
4 0.618783 0.609109 0.634981 0.624527 0.686587 0.570308 0.670389 0.554891 0.707641
4 0.40636 0.705412 0.417559 0.715984 0.444833 0.687094 0.433634 0.676522 0.707087
4 0.521669 0.79373 0.53401 0.803512 0.555673 0.776183 0.543332 0.766401 0.693679
4 0.960123 0.459884 0.965208 0.440239 0.915211 0.427299 0.910127 0.446943 0.685413
4 0.928606 0.347319 0.935116 0.32594 0.888132 0.311631 0.881621 0.33301 0.61524
