4 0.653017 0.664209 0.655266 0.67882 0.713622 0.669838 0.711373 0.655227 0.802455
4 0.641119 0.81671 0.661409 0.813893 0.646162 0.704079 0.625872 0.706896 0.788642
4 0.732698 0.608425 0.737569 0.623039 0.78369 0.607667 0.778819 0.593053 0.770184
4 0.651048 0.601364 0.652295 0.616468 0.714513 0.611331 0.713266 0.596226 0.747528
4 0.651741 0.648943 0.653753 0.663327 0.713259 0.655001 0.711247 0.640617 0.732476
4 0.651067 0.632641 0.652827 0.647392 0.712895 0.640225 0.711135 0.625474 0.706767
4 0.72692 0.593262 0.731045 0.608047 0.771706 0.596702 0.767581 0.581918 0.704256
4 0.651107 0.617482 0.652608 0.632202 0.714806 0.62586 0.713305 0.61114 0.699241
4 0.702709 1.00445 0.727391 0.998002 0.704492 0.91034 0.679809 0.916787 0.695189
4 0.721316 0.57519 0.724749 0.590381 0.769732 0.580214 0.766299 0.565023 0.654183
