4 0.0033309 0.869714 0.0397908 0.896297 0.152532 0.741663 0.116072 0.715081 0.868216
4 0.0235855 0.913256 0.0521083 0.935572 0.169436 0.785611 0.140913 0.763295 0.857998
4 0.655924 0.59309 0.67422 0.595497 0.683179 0.527384 0.664884 0.524977 0.856941
4 0.0624711 0.623006 0.0994677 0.632135 0.145932 0.443816 0.108935 0.434687 0.837887
4 0.0590848 0.920017 0.0902071 0.945082 0.208929 0.79767 0.177807 0.772605 0.831806
4 -0.023586 0.797494 0.00621619 0.817591 0.0895749 0.69398 0.0597727 0.673882 0.804125
4 0.00567203 0.594917 0.0461271 0.603336 0.0851793 0.415689 0.0447242 0.40727 0.784174
4 0.952271 0.393843 0.965857 0.398393 0.978594 0.360352 0.965008 0.355803 0.776148
4 0.0374171 0.61252 0.0704028 0.619473 0.112474 0.419905 0.0794888 0.412951 0.772597
4 -0.0226845 0.852015 0.00678662 0.872892 0.117178 0.717057 0.0877068 0.69618 0.766396
4 0.735919 0.459318 0.753644 0.438989 0.662817 0.359796 0.645092 0.380125 0.74667
4 -0.0261397 0.756291 -0.000345756 0.771792 0.0430274 0.69962 0.0172334 0.684119 0.71351
4 0.729042 0.394024 0.742725 0.380956 0.703174 0.339542 0.68949 0.35261 0.688528
4 0.905936 0.436153 0.90913 0.426324 0.880381 0.41698 0.877186 0.426809 0.684379
4 0.960838 0.415509 0.975801 0.418984 0.984573 0.381212 0.96961 0.377737 0.669323
0 0.718618 0.854886 0.720684 0.844168 0.69997 0.840176 0.697905 0.850894 0.668591
0 0.74264 0.740048 0.74396 0.727796 0.717151 0.724909 0.715832 0.737161 0.657132
0 0.752762 0.715009 0.753874 0.699391 0.715305 0.696646 0.714194 0.712265 0.650035
4 0.855761 0.468028 0.860804 0.451468 0.806925 0.435063 0.801883 0.451622 0.631533
4 0.946301 0.159691 0.957732 0.181952 1.01204 0.154065 1.00061 0.131804 0.62973
