4 0.0122876 0.938836 0.0466604 0.946591 0.0875999 0.765123 0.0532272 0.757368 0.851256
4 0.906487 0.733653 0.919631 0.736315 0.927403 0.697946 0.91426 0.695283 0.763212
4 0.0605731 0.189845 0.0624428 0.21388 0.136265 0.208137 0.134395 0.184103 0.756958
4 0.676919 0.780161 0.696011 0.760157 0.60694 0.675144 0.587848 0.695147 0.730278
4 0.601582 0.908785 0.619899 0.910761 0.627067 0.844328 0.608751 0.842351 0.728647
4 0.95616 0.74567 0.967507 0.748531 0.975798 0.715644 0.964451 0.712783 0.712381
4 0.858787 0.76858 0.862165 0.757107 0.824228 0.745937 0.82085 0.75741 0.696132
4 0.660694 0.72351 0.672536 0.711253 0.634002 0.674024 0.62216 0.686281 0.679432
4 0.674798 0.711528 0.687505 0.698732 0.646907 0.658415 0.6342 0.671211 0.662372
4 0.897396 0.711719 0.910473 0.715735 0.922302 0.677218 0.909225 0.673202 0.646256
4 0.893477 0.472149 0.904446 0.497327 0.977726 0.465404 0.966758 0.440226 0.617523
