4 0.700941 0.326535 0.718489 0.33197 0.732231 0.2876 0.714683 0.282165 0.878122
4 0.664549 0.33635 0.682566 0.34143 0.700812 0.27672 0.682795 0.27164 0.866762
4 0.598286 0.357503 0.622837 0.362434 0.64235 0.265271 0.617799 0.260341 0.844823
4 0.908282 0.909938 0.948315 0.918435 0.987812 0.732365 0.947779 0.723868 0.842948
4 0.574998 0.341935 0.597273 0.347446 0.618366 0.262182 0.596091 0.256672 0.842162
4 0.872313 0.321643 0.886151 0.313328 0.859114 0.268329 0.845276 0.276643 0.809426
4 0.551842 0.9996 0.578451 1.00875 0.600921 0.943404 0.574312 0.934254 0.805789
4 0.860087 0.3431 0.879309 0.330209 0.823833 0.247488 0.804611 0.260379 0.795678
4 0.682216 0.336146 0.696072 0.340113 0.710295 0.290432 0.696439 0.286465 0.789539
4 0.71731 0.598802 0.719358 0.62889 0.826172 0.621619 0.824124 0.591532 0.785871
4 0.619726 0.373935 0.644863 0.379186 0.667851 0.269141 0.642714 0.26389 0.781682
4 0.640089 0.358555 0.657531 0.363148 0.681194 0.273296 0.663752 0.268703 0.775104
4 0.947316 0.926303 0.981714 0.932735 1.01775 0.740013 0.98335 0.733582 0.757852
4 0.702392 0.782508 0.724278 0.782791 0.725595 0.680957 0.70371 0.680674 0.757077
4 0.54065 0.670841 0.566676 0.665372 0.542692 0.551235 0.516666 0.556704 0.754599
4 0.683465 0.361077 0.695819 0.368172 0.714797 0.335124 0.702442 0.32803 0.742284
4 0.72363 0.779971 0.744346 0.780449 0.746251 0.697881 0.725535 0.697403 0.738593
4 0.648526 0.890471 0.667315 0.889448 0.663778 0.824503 0.644989 0.825527 0.737728
4 0.563266 0.663848 0.587964 0.660365 0.570774 0.538485 0.546076 0.541968 0.736355
4 0.146025 0.78945 0.163326 0.815119 0.268449 0.744267 0.251148 0.718598 0.729836
4 0.131988 0.726908 0.160068 0.766931 0.308301 0.662932 0.280222 0.622909 0.721275
4 0.586428 0.998421 0.622644 1.01463 0.644667 0.96541 0.608451 0.949204 0.713842
4 0.213808 0.784011 0.222889 0.796853 0.268667 0.764477 0.259585 0.751636 0.711606
4 0.521061 0.998018 0.544181 1.00535 0.559268 0.957778 0.536148 0.950445 0.709163
4 0.622998 0.905364 0.645899 0.904581 0.643012 0.82013 0.620111 0.820913 0.707891
4 0.576063 0.789827 0.597715 0.792002 0.604408 0.725367 0.582756 0.723193 0.707356
4 0.671057 0.889126 0.688239 0.888464 0.685829 0.825884 0.668646 0.826546 0.704381
4 0.572941 0.916626 0.598469 0.915266 0.592909 0.810943 0.567381 0.812303 0.700581
4 0.605125 0.746049 0.644121 0.74011 0.610986 0.522559 0.57199 0.528498 0.691067
4 0.598123 0.908594 0.622476 0.907686 0.619063 0.816133 0.594711 0.817041 0.677146
4 0.659956 0.789484 0.681993 0.790454 0.6869 0.679048 0.664863 0.678078 0.668267
4 0.634297 0.799121 0.658105 0.80019 0.663949 0.670068 0.640142 0.668999 0.647862
4 0.411104 0.216859 0.427994 0.217789 0.430568 0.171068 0.413677 0.170137 0.618222
4 0.567419 0.308657 0.582852 0.311441 0.592181 0.259718 0.576748 0.256934 0.61231
