4 0.0668116 0.942566 0.100821 0.950098 0.142573 0.761562 0.108563 0.75403 0.824799
4 0.656475 0.911278 0.673948 0.913702 0.683302 0.846295 0.665828 0.843871 0.803399
4 0.00718464 0.91421 0.0449437 0.92312 0.0904749 0.730174 0.0527158 0.721264 0.791889
4 0.734908 0.774642 0.752414 0.754027 0.662739 0.677878 0.645233 0.698493 0.770529
4 0.038328 0.92805 0.0704651 0.934822 0.112703 0.734394 0.0805654 0.727622 0.758361
4 0.914106 0.76913 0.917681 0.757017 0.87991 0.745871 0.876336 0.757984 0.751829
4 0.113715 0.191583 0.115602 0.213927 0.193523 0.207347 0.191637 0.185004 0.744584
4 0.717404 0.724805 0.729784 0.711357 0.689991 0.674724 0.677611 0.688172 0.723266
4 0.96164 0.733502 0.975829 0.736395 0.983619 0.698182 0.96943 0.695289 0.716711
4 0.729831 0.710818 0.742467 0.698212 0.702743 0.658395 0.690107 0.671002 0.676188
4 0.94801 0.476074 0.959927 0.498528 1.01174 0.471028 0.999823 0.448574 0.675171
4 0.952932 0.712041 0.967004 0.716289 0.978569 0.677975 0.964497 0.673728 0.665709
4 0.905793 0.754294 0.909289 0.742901 0.88119 0.734279 0.877694 0.745672 0.659244
4 0.99913 0.802336 1.00055 0.788734 0.97608 0.786186 0.974663 0.799789 0.637723
