4 0.595733 0.0397931 0.619245 0.0458825 0.630992 0.000526663 0.60748 -0.00556273 0.850604
4 0.617789 0.0556708 0.640879 0.0617405 0.657236 -0.000480722 0.634146 -0.00655038 0.848895
4 0.731427 0.832639 0.764065 0.848904 0.8268 0.723017 0.794163 0.706753 0.847073
4 0.9076 0.873037 0.940948 0.89671 1.03192 0.768565 0.998568 0.744891 0.842288
4 0.693776 0.83519 0.728334 0.851204 0.797268 0.70244 0.762711 0.686427 0.828659
4 0.906814 0.59407 0.947925 0.602975 0.98842 0.416004 0.947309 0.4071 0.828442
4 0.501655 0.738473 0.527068 0.74652 0.56031 0.641534 0.534896 0.633487 0.811256
4 0.836837 0.816981 0.864423 0.833785 0.945688 0.700381 0.918102 0.683577 0.811251
4 0.606559 0.877832 0.641912 0.888656 0.705072 0.68237 0.66972 0.671546 0.811206
4 0.718274 0.283816 0.7204 0.311161 0.824708 0.303051 0.822582 0.275706 0.797828
4 0.851204 0.845138 0.881567 0.864588 0.987055 0.699917 0.956691 0.680467 0.788775
4 0.921216 0.919854 0.949456 0.94129 1.02534 0.841322 0.997099 0.819886 0.78533
4 0.133578 0.409474 0.159946 0.447431 0.306471 0.345642 0.280103 0.307685 0.765883
4 0.538815 0.814337 0.583086 0.828975 0.644442 0.643409 0.600171 0.628771 0.75279
4 0.50701 0.795795 0.540918 0.807686 0.603378 0.629578 0.56947 0.617687 0.751341
4 0.577663 0.0262192 0.597831 0.0284514 0.60111 -0.00117286 0.580942 -0.00340505 0.750741
4 0.946583 0.609024 0.981947 0.615778 1.01853 0.424244 0.983164 0.41749 0.750329
4 0.562558 0.349689 0.589919 0.34527 0.569988 0.221877 0.542627 0.226297 0.745751
4 0.572681 0.856256 0.609253 0.868902 0.679084 0.666965 0.642512 0.654318 0.738528
4 0.797744 0.824575 0.832119 0.843802 0.916697 0.692588 0.882322 0.673361 0.73382
4 0.540592 0.353237 0.56664 0.347563 0.541099 0.230325 0.515051 0.236 0.733041
4 0.137351 0.473826 0.158095 0.504327 0.273189 0.426051 0.252446 0.39555 0.729808
4 0.87801 0.8576 0.907981 0.878136 1.01698 0.719056 0.987006 0.69852 0.72457
4 0.722933 0.461623 0.744922 0.461783 0.745523 0.37928 0.723533 0.37912 0.722239
4 0.486582 0.723745 0.503123 0.729492 0.531209 0.648661 0.514668 0.642913 0.715343
4 0.608632 0.432816 0.644344 0.427442 0.61124 0.207455 0.575528 0.212829 0.706758
4 0.647913 0.568877 0.665956 0.567674 0.662089 0.509671 0.644045 0.510874 0.706453
4 0.682095 0.0446704 0.695517 0.052593 0.714833 0.0198701 0.701412 0.0119475 0.699691
4 0.576671 0.470974 0.598013 0.472884 0.603368 0.413069 0.582026 0.411159 0.698765
4 0.622238 0.589998 0.645662 0.589291 0.64294 0.499096 0.619516 0.499803 0.685269
4 0.214152 0.465345 0.224029 0.47924 0.267619 0.448254 0.257741 0.434359 0.684551
4 0.659278 0.474311 0.681606 0.475267 0.686448 0.362171 0.66412 0.361215 0.684115
4 0.703142 0.464836 0.723689 0.464809 0.723561 0.366153 0.703013 0.36618 0.681613
4 0.671651 0.574062 0.688335 0.573275 0.685198 0.50677 0.668514 0.507557 0.681403
4 0.572187 0.595767 0.598656 0.594158 0.592395 0.49114 0.565926 0.492748 0.680232
4 0.624218 0.900599 0.673673 0.919045 0.77169 0.656249 0.722235 0.637803 0.674575
4 0.679892 0.465723 0.699651 0.467356 0.707308 0.374689 0.687549 0.373056 0.662646
4 0.506513 0.351708 0.535499 0.346065 0.515462 0.243135 0.486476 0.248778 0.643128
4 0.679566 0.0219685 0.69416 0.0276987 0.704451 0.0014887 0.689858 -0.00424153 0.642035
4 0.765132 0.846024 0.797457 0.861798 0.883778 0.684898 0.851453 0.669125 0.632287
4 0.597081 0.588782 0.621205 0.588203 0.61913 0.501785 0.595006 0.502364 0.620399
4 0.633995 0.481306 0.658013 0.48227 0.66329 0.350714 0.639273 0.349751 0.610557
