4 0.0127723 0.623113 0.0470237 0.630749 0.0878352 0.44769 0.0535837 0.440054 0.859733
4 0.601007 0.594281 0.619363 0.59647 0.627599 0.527401 0.609243 0.525212 0.822621
4 -0.0328797 0.845617 0.00280477 0.872633 0.101733 0.741961 0.0660482 0.714945 0.822149
4 -0.017425 0.893282 0.013562 0.91696 0.114177 0.785288 0.0831903 0.76161 0.806223
4 0.956038 0.428778 0.967663 0.431599 0.975925 0.397539 0.9643 0.394719 0.79893
4 0.00525641 0.919091 0.0368474 0.943801 0.15502 0.792715 0.123429 0.768006 0.793098
4 0.849364 0.436066 0.852631 0.426109 0.824947 0.417027 0.821681 0.426983 0.760404
4 0.678513 0.457813 0.694977 0.438915 0.604129 0.359765 0.587664 0.378663 0.743543
4 -0.0278241 0.783714 0.00263954 0.803457 0.058166 0.717776 0.0277024 0.698034 0.735003
0 0.686644 0.740337 0.688053 0.727943 0.66171 0.724947 0.660301 0.737341 0.716132
4 0.660443 0.406302 0.672485 0.392989 0.63294 0.357222 0.620899 0.370535 0.700911
4 0.905432 0.416489 0.91931 0.419739 0.928322 0.381258 0.914444 0.378008 0.700641
0 0.696779 0.715229 0.698449 0.699524 0.660177 0.695456 0.658508 0.71116 0.683968
4 0.89684 0.392846 0.910426 0.397667 0.923539 0.36071 0.909953 0.355889 0.673376
0 0.662709 0.855231 0.665045 0.844217 0.644557 0.839872 0.642222 0.850886 0.658248
4 0.889462 0.156475 0.89936 0.179377 0.973598 0.147293 0.9637 0.124391 0.645684
0 0.671925 0.81239 0.673329 0.801868 0.653134 0.799174 0.65173 0.809696 0.621718
