4 0.180387 0.315677 0.194975 0.292925 0.0839863 0.221763 0.0693987 0.244514 0.873466
4 0.127889 0.394835 0.140307 0.373085 0.0441653 0.318196 0.0317478 0.339946 0.866313
4 0.14959 0.351856 0.16237 0.330306 0.0732466 0.277449 0.0604661 0.298999 0.858337
4 0.194119 0.260064 0.207114 0.240757 0.121455 0.183103 0.10846 0.202411 0.852046
4 0.637456 0.646207 0.648444 0.625549 0.536656 0.566091 0.525668 0.586749 0.851575
4 0.116467 0.422286 0.130219 0.39851 0.0367728 0.34446 0.0230205 0.368237 0.851354
4 0.179567 0.282635 0.193117 0.261338 0.100022 0.202106 0.0864717 0.223403 0.841669
4 0.559555 0.772807 0.574966 0.751011 0.472569 0.678607 0.457158 0.700403 0.827733
4 0.139379 0.372582 0.15107 0.352433 0.0625963 0.301097 0.0509054 0.321246 0.827352
4 0.508424 0.613795 0.522137 0.5933 0.413162 0.520389 0.399449 0.540884 0.819372
4 0.599197 0.714216 0.612779 0.692613 0.513026 0.629899 0.499444 0.651501 0.814162
4 0.335282 0.531599 0.348173 0.50877 0.23675 0.44585 0.223859 0.468678 0.812084
4 0.212009 0.500372 0.228189 0.475531 0.136306 0.415684 0.120126 0.440526 0.811279
4 0.630711 0.663325 0.639521 0.645235 0.525929 0.589914 0.517119 0.608005 0.810714
4 0.344952 0.506319 0.357354 0.484068 0.248938 0.423636 0.236536 0.445886 0.81034
4 0.164118 0.333055 0.178033 0.3103 0.0699815 0.244226 0.056067 0.266981 0.806744
4 0.366681 0.424632 0.375552 0.405202 0.280427 0.361776 0.271557 0.381206 0.801479
4 0.378239 0.40189 0.387921 0.378082 0.284601 0.336065 0.274919 0.359873 0.801389
4 0.701609 0.857189 0.71665 0.838738 0.623751 0.763008 0.60871 0.781459 0.794993
4 0.358271 0.448892 0.368793 0.426414 0.266125 0.378355 0.255603 0.400834 0.789434
4 0.52104 0.591495 0.533971 0.572201 0.43284 0.504423 0.419909 0.523717 0.783407
4 0.355943 0.478386 0.366963 0.456193 0.258503 0.402336 0.247483 0.424529 0.776486
4 0.619936 0.689248 0.630218 0.669777 0.519306 0.611208 0.509025 0.630679 0.763275
4 0.477607 0.65502 0.493818 0.635006 0.393113 0.553436 0.376902 0.57345 0.745305
4 0.811078 0.96609 0.8238 0.951297 0.766621 0.902125 0.753899 0.916919 0.740982
4 0.89457 0.862503 0.90518 0.846719 0.832057 0.797564 0.821447 0.813348 0.740453
4 0.0322891 0.324622 0.0480493 0.301992 0.00201956 0.269935 -0.0137406 0.292565 0.721204
4 0.855513 0.972538 0.867644 0.958057 0.775744 0.881066 0.763612 0.895547 0.72079
4 0.914668 0.829533 0.925402 0.813614 0.842017 0.757389 0.831283 0.773309 0.716577
4 0.0166688 0.3489 0.0328726 0.328069 0.00107677 0.303336 -0.015127 0.324166 0.716369
4 0.453649 0.688257 0.465462 0.67042 0.362498 0.602225 0.350685 0.620062 0.696971
4 0.867748 0.932669 0.880649 0.918256 0.797033 0.84341 0.784132 0.857822 0.694629
4 0.905913 0.839196 0.914593 0.823448 0.831299 0.777535 0.822618 0.793283 0.692846
4 0.490663 0.632823 0.504454 0.614239 0.402349 0.538467 0.388557 0.557052 0.691752
4 0.85988 0.947429 0.870884 0.934471 0.788081 0.864157 0.777077 0.877115 0.684244
4 0.465886 0.665644 0.477436 0.64752 0.374841 0.582133 0.363291 0.600256 0.682616
4 0.884805 0.912431 0.897209 0.895674 0.803616 0.82639 0.791211 0.843146 0.677821
4 0.67015 0.858231 0.682632 0.842252 0.616069 0.790257 0.603587 0.806236 0.659723
4 0.575563 0.754799 0.589797 0.736402 0.490344 0.659458 0.47611 0.677856 0.656503
4 0.321675 0.550126 0.332506 0.531163 0.224242 0.469326 0.213411 0.488289 0.646951
4 1.00253 0.977417 1.01236 0.96151 0.918781 0.903657 0.908947 0.919564 0.643475
4 1.00815 0.951157 1.01948 0.930849 0.928171 0.879915 0.916842 0.900223 0.641011
