4 0.534864 0.763248 0.545163 0.74624 0.478848 0.706082 0.468549 0.72309 0.762915
0 0.290719 0.272374 0.301348 0.268827 0.294531 0.248397 0.283902 0.251944 0.760857
0 0.313034 0.266755 0.323609 0.262898 0.316763 0.244127 0.306188 0.247984 0.749831
0 0.668689 0.185058 0.673854 0.195815 0.694272 0.18601 0.689106 0.175253 0.737955
0 0.0446792 0.488379 0.0569699 0.482497 0.0468779 0.46141 0.0345872 0.467292 0.729611
0 0.118547 0.273267 0.129305 0.268035 0.120108 0.249123 0.10935 0.254355 0.726899
0 0.262172 0.130947 0.272974 0.127438 0.265971 0.10588 0.255169 0.109389 0.720173
0 0.347864 0.249954 0.357778 0.246096 0.350397 0.227127 0.340483 0.230984 0.719731
0 0.313008 0.16608 0.323293 0.1638 0.319037 0.144598 0.308751 0.146877 0.712536
0 0.263814 0.357191 0.269192 0.367593 0.288525 0.357596 0.283146 0.347195 0.708439
0 0.0492112 0.416485 0.0601434 0.410597 0.0493963 0.390643 0.0384641 0.396531 0.698665
0 0.316868 0.11243 0.320782 0.123885 0.341829 0.116694 0.337915 0.105239 0.696276
4 0.766849 0.572797 0.785802 0.56454 0.750043 0.482464 0.731091 0.490721 0.693743
0 0.273059 0.122414 0.283048 0.119573 0.278037 0.101955 0.268048 0.104796 0.692654
0 0.392448 0.230368 0.403335 0.226375 0.395768 0.205743 0.384882 0.209736 0.685819
0 0.29128 0.116525 0.301407 0.113535 0.296045 0.0953733 0.285918 0.098363 0.681573
0 0.350686 0.110362 0.35449 0.119711 0.37308 0.112148 0.369276 0.102798 0.680682
0 0.344974 0.30117 0.353946 0.297549 0.347162 0.280743 0.338191 0.284364 0.678555
0 0.253428 0.767212 0.263877 0.762796 0.255432 0.742815 0.244984 0.74723 0.651117
0 0.0259349 0.368092 0.0374946 0.362958 0.0289801 0.343786 0.0174204 0.34892 0.650159
4 0.483842 0.82607 0.496818 0.81465 0.45102 0.762613 0.438044 0.774033 0.648856
0 0.204124 0.395184 0.208473 0.405008 0.225503 0.397469 0.221154 0.387644 0.646324
0 0.947206 0.0850504 0.952628 0.0948363 0.9708 0.084767 0.965378 0.0749812 0.643659
0 0.0964162 0.0482513 0.103194 0.05849 0.120285 0.0471758 0.113507 0.0369371 0.638367
0 0.30177 0.26777 0.311318 0.264488 0.305064 0.246291 0.295516 0.249572 0.635095
0 0.321765 0.125903 0.326225 0.13665 0.345456 0.128669 0.340996 0.117922 0.634358
0 0.469589 0.211391 0.472785 0.221522 0.492275 0.215373 0.489078 0.205242 0.630456
4 0.521144 0.782966 0.531574 0.769491 0.477161 0.727377 0.466732 0.740852 0.629613
0 0.356704 0.245276 0.366865 0.240821 0.358432 0.221588 0.348271 0.226043 0.628537
0 0.402649 0.225622 0.412112 0.221987 0.404776 0.202891 0.395313 0.206526 0.627573
4 0.507846 0.798408 0.517921 0.787828 0.471909 0.744011 0.461834 0.754591 0.626436
0 0.282949 0.120975 0.292718 0.118245 0.287479 0.0995016 0.27771 0.102232 0.62172
0 0.116215 0.430651 0.120672 0.441297 0.139554 0.43339 0.135097 0.422745 0.616959
0 0.318357 0.309635 0.326808 0.305852 0.319095 0.288625 0.310644 0.292408 0.611147
0 0.0127752 0.375215 0.0235129 0.36961 0.0131472 0.349754 0.00240943 0.355359 0.606373
0 0.230622 0.71736 0.240769 0.711949 0.231781 0.695094 0.221634 0.700505 0.60157
