4 0.819108 0.0900991 0.831844 0.0744275 0.77914 0.0315957 0.766404 0.0472673 0.841867
4 0.917873 0.347776 0.933432 0.326458 0.84825 0.264289 0.832691 0.285607 0.832587
4 0.936062 0.321321 0.949554 0.301334 0.861925 0.24218 0.848433 0.262167 0.823847
4 1.00071 0.377581 1.01261 0.356295 0.948249 0.320312 0.936348 0.341598 0.823084
4 0.807755 0.274639 0.818748 0.259108 0.749412 0.210036 0.73842 0.225567 0.794601
4 0.79628 0.122217 0.808644 0.108692 0.748926 0.0540982 0.736562 0.0676226 0.79121
4 0.864546 0.200993 0.877668 0.186528 0.813623 0.128425 0.800501 0.142889 0.780219
4 0.999144 0.348726 1.01158 0.328497 0.968009 0.301721 0.955577 0.321951 0.776343
4 1.00162 0.410481 1.01481 0.387571 0.940986 0.34507 0.927796 0.36798 0.771707
4 0.876707 0.177809 0.889439 0.159945 0.834564 0.120835 0.821832 0.1387 0.765764
4 0.786479 0.13764 0.797419 0.125637 0.732434 0.0664011 0.721493 0.0784036 0.761604
4 0.829364 0.249249 0.842441 0.233867 0.767819 0.170425 0.754742 0.185807 0.750229
4 0.762251 0.16948 0.775011 0.155205 0.706886 0.0943059 0.694125 0.108581 0.748046
4 0.849719 0.218243 0.863627 0.204426 0.800087 0.140464 0.786178 0.154281 0.747337
4 0.753172 0.182933 0.763532 0.17082 0.695224 0.112395 0.684863 0.124509 0.743976
4 0.816752 0.25873 0.826584 0.246483 0.758407 0.19175 0.748575 0.203997 0.738713
4 0.808225 0.104424 0.818739 0.0920937 0.758472 0.0407039 0.747958 0.0530339 0.722434
4 0.839487 0.234666 0.852941 0.220286 0.785307 0.157008 0.771854 0.171388 0.714437
4 0.998702 0.29418 1.01434 0.276081 0.978679 0.245276 0.963043 0.263375 0.712137
4 1.00025 0.320197 1.0118 0.300941 0.975993 0.27946 0.964442 0.298717 0.69233
4 0.998018 0.262725 1.01349 0.243765 0.988445 0.223319 0.972969 0.242279 0.668345
4 0.742101 0.199308 0.753285 0.185354 0.679565 0.126268 0.668381 0.140222 0.654817
0 0.0198729 0.747532 0.0297014 0.743364 0.0218112 0.724759 0.0119828 0.728927 0.60095
