4 0.843334 0.935237 0.865083 0.953775 0.946754 0.857962 0.925005 0.839423 0.860484
4 0.424943 0.912036 0.448874 0.930758 0.55452 0.79571 0.530588 0.776988 0.822002
4 0.587497 0.735725 0.597465 0.744523 0.641228 0.694947 0.63126 0.686148 0.78118
4 0.297079 0.673212 0.313156 0.685779 0.3909 0.586328 0.374823 0.57376 0.742359
4 0.548811 0.444098 0.558197 0.451413 0.591889 0.408186 0.582504 0.400871 0.72775
4 0.705196 0.674554 0.718181 0.686468 0.777203 0.622139 0.764218 0.610226 0.724498
4 0.511671 0.398506 0.52235 0.408077 0.570386 0.35448 0.559707 0.344909 0.66403
4 0.83925 0.996925 0.878016 1.02605 1.03523 0.816786 0.996463 0.787662 0.659649
4 0.715715 0.685555 0.725128 0.693275 0.75245 0.659966 0.743038 0.652245 0.620653
4 0.52193 0.405579 0.531519 0.414152 0.572355 0.368476 0.562767 0.359903 0.61841
4 0.312064 0.698039 0.347724 0.723943 0.47941 0.542662 0.443751 0.516758 0.613117
