4 0.931833 0.984519 0.945431 0.964766 0.861817 0.907205 0.848219 0.926958 0.855542
4 0.920293 1.01483 0.935799 0.992901 0.844872 0.928612 0.829367 0.950541 0.841246
4 0.819503 0.755316 0.832147 0.740046 0.780369 0.697173 0.767725 0.712443 0.819984
4 0.876326 0.842822 0.889145 0.824839 0.832891 0.784739 0.820072 0.802722 0.803954
4 0.512658 0.106895 0.519669 0.128045 0.629881 0.0915073 0.622869 0.0703577 0.802078
4 0.80647 0.939189 0.817949 0.923281 0.749673 0.874019 0.738195 0.889928 0.773847
0 0.344361 0.373345 0.354775 0.371432 0.351353 0.352811 0.34094 0.354724 0.773785
4 0.862033 0.866313 0.875775 0.852523 0.815023 0.791979 0.801281 0.805769 0.761725
4 0.809221 0.769207 0.819607 0.75687 0.758925 0.705783 0.748538 0.71812 0.755506
4 0.79543 0.787318 0.808786 0.773054 0.750779 0.718738 0.737422 0.733002 0.749724
4 0.83635 0.897124 0.849678 0.883203 0.785924 0.822165 0.772597 0.836085 0.741118
4 0.53958 0.147349 0.547508 0.170065 0.648123 0.134952 0.640195 0.112236 0.740995
4 0.850571 0.88192 0.863882 0.868889 0.802716 0.80641 0.789406 0.819441 0.740741
4 0.784725 0.803828 0.796886 0.791394 0.735034 0.730898 0.722873 0.743331 0.730624
4 0.761949 0.834016 0.774837 0.819722 0.707097 0.758642 0.694209 0.772936 0.725871
4 0.825361 0.911379 0.837776 0.897153 0.766482 0.834933 0.754067 0.849159 0.712917
0 0.378758 0.600992 0.39019 0.599236 0.387179 0.579632 0.375747 0.581387 0.710746
4 0.998343 0.958594 1.01374 0.940563 0.978661 0.910622 0.963268 0.928653 0.708585
4 0.751106 0.849487 0.763487 0.835419 0.69692 0.776837 0.684539 0.790906 0.706412
0 0.338446 0.35056 0.351886 0.348928 0.348234 0.318861 0.334794 0.320493 0.703566
4 1.00073 0.986879 1.01338 0.966603 0.976716 0.943728 0.964066 0.964004 0.699342
0 0.39213 0.57831 0.394048 0.588921 0.415444 0.585052 0.413525 0.574441 0.695488
0 0.364574 0.39248 0.370808 0.404875 0.397139 0.39163 0.390905 0.379236 0.690425
4 0.49524 0.5902 0.506417 0.609997 0.584046 0.566169 0.572869 0.546372 0.688479
0 0.306654 0.139981 0.318522 0.138531 0.315936 0.117361 0.304068 0.11881 0.684593
0 0.299705 0.0966423 0.31311 0.0950723 0.310311 0.0711676 0.296905 0.0727376 0.677626
4 0.992524 1.012 1.00598 0.990464 0.96757 0.966462 0.954111 0.988001 0.656944
0 0.334272 0.315202 0.346466 0.313761 0.343044 0.284803 0.33085 0.286244 0.650709
0 0.369962 0.552938 0.383278 0.550306 0.378068 0.523941 0.364753 0.526572 0.650163
0 0.364751 0.408253 0.367161 0.419569 0.390516 0.414595 0.388106 0.40328 0.640949
4 0.57239 0.280097 0.593437 0.270063 0.533165 0.143643 0.512118 0.153678 0.637538
0 0.383941 0.635534 0.397012 0.633845 0.393781 0.608832 0.380709 0.610521 0.631772
0 0.36231 0.494118 0.372725 0.492217 0.369061 0.472141 0.358645 0.474043 0.631442
4 0.815747 0.925396 0.827772 0.910116 0.761182 0.857712 0.749157 0.872992 0.629188
4 0.502248 0.0942505 0.515668 0.0904935 0.50004 0.0346713 0.48662 0.0384284 0.622926
0 0.343333 0.393403 0.357305 0.395423 0.35957 0.379754 0.345599 0.377734 0.621887
4 0.731899 0.88617 0.745132 0.869189 0.661344 0.803896 0.648112 0.820877 0.616405
0 0.392589 0.477457 0.394317 0.465019 0.37564 0.462425 0.373913 0.474863 0.600915
0 0.389565 0.188352 0.394025 0.198133 0.413987 0.189031 0.409528 0.17925 0.600181
