4 0.84453 0.517653 0.866854 0.536288 0.945974 0.441508 0.923651 0.422873 0.857387
4 0.424024 0.496586 0.4479 0.515621 0.554644 0.381733 0.530768 0.362697 0.806551
4 0.908991 0.962528 0.921122 0.97216 0.964528 0.917489 0.952397 0.907858 0.799402
4 0.703113 0.260965 0.716343 0.272801 0.774445 0.207856 0.761215 0.19602 0.778883
4 0.293727 0.258179 0.311456 0.271967 0.391772 0.168693 0.374042 0.154905 0.72886
4 0.979147 0.880678 0.992454 0.888635 1.01021 0.858948 0.996898 0.850991 0.697242
4 0.585118 0.319387 0.595881 0.329088 0.641148 0.27887 0.630385 0.269169 0.689899
4 0.854906 0.562626 0.891785 0.589696 1.03042 0.400831 0.99354 0.373761 0.671136
4 0.321582 0.28285 0.347578 0.301877 0.463828 0.143042 0.437832 0.124016 0.653986
4 0.45086 0.135519 0.468369 0.149018 0.546847 0.0472247 0.529338 0.0337257 0.645209
4 0.733694 0.665007 0.749056 0.678153 0.839493 0.572472 0.824132 0.559327 0.635028
4 0.548027 0.0280025 0.5578 0.0357554 0.585328 0.00105413 0.575554 -0.00669876 0.634381
