4 0.969036 0.728219 0.981286 0.709446 0.877068 0.64144 0.864818 0.660213 0.831065
4 0.981888 0.651929 1.00146 0.616289 0.849921 0.533057 0.830346 0.568697 0.802461
4 0.810947 0.564239 0.821111 0.545494 0.733549 0.498014 0.723384 0.516759 0.780297
4 0.81194 0.604817 0.821205 0.588427 0.722928 0.532872 0.713663 0.549263 0.774866
4 0.801592 0.619908 0.81165 0.600784 0.713109 0.548954 0.703051 0.568078 0.772702
4 0.943054 0.759465 0.955629 0.741018 0.864132 0.678652 0.851558 0.697099 0.762295
4 0.399297 0.173636 0.410507 0.153043 0.325016 0.106505 0.313806 0.127099 0.756644
4 0.249638 0.148809 0.260283 0.129959 0.16663 0.0770701 0.155985 0.0959197 0.748546
4 0.804479 0.580119 0.81307 0.564038 0.721185 0.514951 0.712594 0.531033 0.711564
4 0.811419 0.647225 0.821033 0.626787 0.704659 0.57204 0.695044 0.592478 0.706735
4 0.960022 0.746789 0.972147 0.72966 0.870852 0.657956 0.858727 0.675085 0.624181
4 0.814544 0.673075 0.824019 0.653494 0.713816 0.600166 0.704341 0.619747 0.609755
