4 0.879185 0.560564 0.888149 0.543296 0.800468 0.497781 0.791505 0.515048 0.805721
4 0.875477 0.621636 0.885307 0.602682 0.784577 0.550442 0.774747 0.569396 0.792255
4 0.468645 0.172867 0.478867 0.155052 0.392963 0.105763 0.382741 0.123578 0.790817
4 1.00172 0.700994 1.01309 0.683992 0.948699 0.640901 0.937321 0.657903 0.782535
4 0.880487 0.603538 0.889916 0.586245 0.791258 0.532452 0.781829 0.549746 0.773403
4 0.998012 0.749191 1.00969 0.732317 0.93562 0.681041 0.92394 0.697915 0.769184
4 1.0021 0.724992 1.01341 0.707932 0.940472 0.659592 0.929166 0.676652 0.749687
4 0.998889 0.619161 1.01678 0.587999 0.916763 0.530573 0.898871 0.561734 0.723941
4 0.318585 0.148547 0.329421 0.129787 0.237843 0.0768858 0.227006 0.0956457 0.712229
4 0.88455 0.646183 0.893169 0.627221 0.773737 0.572938 0.765118 0.5919 0.710211
4 0.873745 0.579692 0.882585 0.562718 0.793717 0.516437 0.784877 0.533411 0.706802
4 0.884927 0.673441 0.894394 0.653584 0.785306 0.601578 0.775839 0.621435 0.627427
