0 0.190603 0.122137 0.200352 0.119594 0.19484 0.0984571 0.185091 0.101 0.754928
0 0.180838 0.128685 0.190832 0.125244 0.184525 0.106919 0.17453 0.110359 0.730918
0 0.168556 0.132567 0.178066 0.129287 0.172192 0.112253 0.162681 0.115532 0.726608
0 0.139569 0.145172 0.149815 0.142737 0.145222 0.123411 0.134975 0.125846 0.708163
0 0.0201476 0.194894 0.0293793 0.191664 0.0230888 0.173685 0.0138571 0.176916 0.685423
0 0.349778 0.0702838 0.355405 0.0815244 0.378576 0.0699251 0.372949 0.0586845 0.669697
0 0.0879129 0.165565 0.096901 0.162405 0.0904395 0.144026 0.0814514 0.147186 0.635418
0 0.151118 0.144157 0.16091 0.141693 0.155571 0.12047 0.145779 0.122933 0.630616
0 0.647205 0.0159153 0.650052 0.0270915 0.669992 0.0220122 0.667145 0.0108361 0.626789
0 0.0458054 0.083836 0.0504185 0.093724 0.0680098 0.085517 0.0633967 0.075629 0.625436
0 0.0496858 0.184325 0.0589156 0.181656 0.0529037 0.160865 0.043674 0.163534 0.616508
4 0.199924 0.387128 0.219455 0.381602 0.18906 0.274184 0.169529 0.279711 0.614258
