0 0.866781 0.454541 0.887008 0.46505 0.907101 0.426378 0.886874 0.415868 0.808781
4 0.229926 0.231762 0.247404 0.209276 0.187818 0.162961 0.17034 0.185448 0.795671
0 0.893172 0.458653 0.911503 0.470549 0.932802 0.437731 0.914471 0.425835 0.790436
4 0.251174 0.207431 0.269048 0.183127 0.205741 0.136571 0.187868 0.160875 0.784134
4 0.208398 0.261916 0.227959 0.236988 0.167804 0.189785 0.148243 0.214712 0.778112
0 0.834704 0.421218 0.853794 0.433116 0.87617 0.397216 0.85708 0.385318 0.766472
4 0.189833 0.288173 0.207787 0.263279 0.147156 0.219551 0.129202 0.244444 0.741094
0 0.817642 0.410809 0.83563 0.422709 0.858226 0.38855 0.840238 0.376651 0.728724
0 0.779153 0.38651 0.799776 0.400945 0.830779 0.356655 0.810156 0.342219 0.691998
4 0.0980078 0.399111 0.117164 0.37447 0.055698 0.326687 0.0365422 0.351328 0.684822
4 0.255835 1.03227 0.281068 0.996031 0.166395 0.916182 0.141162 0.952421 0.677123
0 0.748414 0.364895 0.770543 0.377464 0.796348 0.33203 0.774219 0.319461 0.659267
4 0.676271 0.839418 0.715304 0.862978 0.838377 0.659081 0.799345 0.635521 0.640484
4 0.134084 0.955253 0.152577 0.926488 0.0815948 0.880854 0.0631016 0.90962 0.633066
0 0.851555 0.431831 0.868341 0.444299 0.891847 0.412651 0.875061 0.400183 0.618861
4 0.652248 0.793004 0.686757 0.815448 0.779422 0.67297 0.744913 0.650526 0.603463
