4 0.166817 0.144471 0.179136 0.118412 0.0783603 0.0707712 0.066041 0.0968307 0.84313
4 0.539475 0.584843 0.547585 0.566056 0.463035 0.529558 0.454925 0.548345 0.838756
4 0.763896 0.658311 0.772331 0.639317 0.677129 0.59704 0.668694 0.616034 0.812564
4 0.781582 0.62353 0.788761 0.606452 0.706689 0.57195 0.69951 0.589029 0.799845
4 0.790277 0.606055 0.79678 0.590158 0.705923 0.552994 0.69942 0.568891 0.767915
4 0.765342 0.680543 0.773517 0.661955 0.670917 0.616828 0.662742 0.635416 0.767198
4 0.772415 0.637387 0.77872 0.621843 0.705736 0.59224 0.699431 0.607784 0.748245
4 0.840213 0.693587 0.847202 0.677792 0.768084 0.642781 0.761095 0.658576 0.740332
4 0.296267 0.197626 0.305854 0.176881 0.214485 0.134654 0.204898 0.155399 0.733006
4 0.848375 0.724855 0.85261 0.711641 0.782667 0.689225 0.778432 0.702439 0.663807
4 0.571735 0.317741 0.586404 0.284823 0.383355 0.194336 0.368685 0.227254 0.656684
