4 0.274763 1.02477 0.304149 0.989304 0.187622 0.892756 0.158236 0.928223 0.841529
4 0.396022 0.303595 0.415397 0.278885 0.35485 0.231411 0.335475 0.256121 0.77855
4 0.577147 0.261932 0.596072 0.237373 0.535904 0.191006 0.516979 0.215565 0.770918
4 0.415593 0.281085 0.433793 0.256922 0.375315 0.212875 0.357115 0.237038 0.767207
4 0.466669 0.397356 0.484204 0.373199 0.421457 0.327651 0.403922 0.351808 0.754907
4 0.619081 0.205992 0.635712 0.180559 0.570595 0.137978 0.553964 0.16341 0.747923
4 0.597357 0.232729 0.615634 0.20884 0.556574 0.163655 0.538297 0.187543 0.733969
4 0.557997 0.289015 0.576176 0.263768 0.514122 0.219086 0.495943 0.244333 0.73355
4 0.619833 1.03285 0.646826 0.993759 0.533653 0.915603 0.50666 0.954691 0.733117
4 0.305676 0.41929 0.323157 0.397814 0.271925 0.356113 0.254444 0.377589 0.703334
4 0.379429 0.874176 0.411546 0.840669 0.309929 0.743266 0.277812 0.776773 0.692762
4 0.484743 0.370796 0.503119 0.346282 0.444529 0.302363 0.426154 0.326877 0.689569
4 0.530576 0.315224 0.55015 0.290767 0.489459 0.242192 0.469884 0.26665 0.638054
