4 0.895612 0.649863 0.904446 0.650405 0.906326 0.619704 0.897493 0.619163 0.786387
4 0.808586 0.166262 0.808587 0.150105 0.722456 0.150097 0.722454 0.166254 0.779905
4 0.624103 0.149299 0.624274 0.167254 0.708322 0.166455 0.708151 0.1485 0.751514
4 0.888682 0.582276 0.90095 0.579319 0.885529 0.515346 0.87326 0.518303 0.750083
4 0.263937 0.272473 0.274255 0.273064 0.277619 0.214405 0.267301 0.213813 0.745449
4 0.506184 0.121881 0.50622 0.138756 0.599709 0.138556 0.599673 0.121681 0.740311
4 0.899505 0.582252 0.912106 0.579432 0.898346 0.517943 0.885745 0.520763 0.738668
4 0.710414 0.122883 0.710766 0.107111 0.626999 0.105241 0.626647 0.121013 0.725236
4 0.238709 0.274141 0.250942 0.274793 0.254348 0.210855 0.242114 0.210203 0.710986
4 0.249471 0.276079 0.261211 0.276862 0.265521 0.212201 0.253781 0.211419 0.703332
4 0.401805 0.107247 0.402285 0.124932 0.490901 0.12253 0.490422 0.104845 0.683829
4 0.888798 0.649091 0.897152 0.649651 0.899228 0.618684 0.890874 0.618124 0.67463
4 0.879596 0.649362 0.888449 0.650099 0.890879 0.620887 0.882026 0.620151 0.674257
4 0.903383 0.650476 0.912487 0.651046 0.914405 0.620427 0.905301 0.619856 0.673565
4 0.620936 0.108604 0.621528 0.122783 0.681238 0.12029 0.680646 0.106111 0.67354
4 0.417817 0.120521 0.418016 0.1368 0.487284 0.135952 0.487085 0.119673 0.601558
