0 0.498997 0.958028 0.509302 0.957885 0.509036 0.938687 0.49873 0.93883 0.768166
0 0.55939 0.937413 0.569649 0.937452 0.569717 0.919871 0.559457 0.919832 0.761537
0 0.365 0.96363 0.368444 0.977451 0.390447 0.971968 0.387002 0.958147 0.744407
0 0.511704 0.956867 0.521982 0.956783 0.521829 0.938098 0.51155 0.938183 0.731967
0 0.61084 0.871049 0.621105 0.870675 0.620413 0.851693 0.610148 0.852067 0.727786
0 0.530865 0.888637 0.541075 0.885044 0.534535 0.866459 0.524324 0.870053 0.72555
0 0.600994 0.871458 0.610432 0.870901 0.609388 0.853244 0.599951 0.853802 0.702259
0 0.569218 0.877552 0.579534 0.876203 0.576719 0.854673 0.566403 0.856022 0.694932
0 0.38464 0.949617 0.388426 0.936414 0.366602 0.930157 0.362816 0.94336 0.6397
0 0.588656 0.875573 0.598244 0.873827 0.595013 0.856083 0.585425 0.857828 0.629289
0 0.523355 0.948925 0.531383 0.948925 0.531383 0.933689 0.523355 0.933689 0.62432
0 0.548937 0.99738 0.560508 0.996991 0.559811 0.976245 0.548241 0.976634 0.614494
0 0.529493 0.99649 0.538998 0.996165 0.538414 0.979079 0.528909 0.979404 0.612788
0 0.547854 0.948645 0.556831 0.948522 0.556614 0.932652 0.547637 0.932774 0.60223
