4 0.289026 0.327015 0.304184 0.320552 0.290451 0.288344 0.275293 0.294807 0.888603
4 0.115998 0.265952 0.131154 0.267469 0.134562 0.233415 0.119406 0.231898 0.846114
4 0.111305 0.609012 0.125763 0.594767 0.0878821 0.556319 0.0734238 0.570564 0.832807
4 0.163229 0.608506 0.183504 0.60441 0.166453 0.520015 0.146179 0.524111 0.825317
4 0.145111 0.376353 0.158485 0.380224 0.166346 0.353064 0.152973 0.349193 0.823793
4 0.398347 0.442624 0.424656 0.433239 0.386731 0.326916 0.360422 0.336301 0.814512
4 0.249374 0.58925 0.269089 0.582259 0.239059 0.497578 0.219343 0.50457 0.81337
4 0.515209 0.320502 0.52142 0.307273 0.496289 0.295474 0.490078 0.308704 0.806312
4 0.17563 0.251429 0.189454 0.248891 0.184438 0.221568 0.170613 0.224106 0.803607
4 0.154328 0.39187 0.166555 0.396195 0.175242 0.371633 0.163015 0.367308 0.799141
4 0.462337 0.536446 0.465795 0.564244 0.539896 0.555026 0.536438 0.527228 0.796179
4 0.258484 0.514709 0.283073 0.515272 0.285748 0.398404 0.261158 0.397841 0.795445
4 0.0766955 0.494609 0.0930851 0.490063 0.0822334 0.450943 0.0658439 0.45549 0.795229
4 0.00611369 0.0761262 0.0196106 0.0736719 0.0141338 0.0435537 0.000636896 0.046008 0.787455
4 0.21627 0.586444 0.230408 0.581886 0.209904 0.518298 0.195767 0.522857 0.783778
4 0.00389103 0.532524 0.0199122 0.527528 0.0084725 0.49084 -0.00754865 0.495836 0.782624
4 0.198822 0.591518 0.214446 0.586889 0.194613 0.519951 0.178989 0.52458 0.782516
4 0.349765 0.484405 0.364224 0.502678 0.418727 0.459549 0.404268 0.441277 0.780334
4 0.231656 0.586784 0.247889 0.581097 0.222195 0.507746 0.205962 0.513432 0.773113
4 0.500867 0.621141 0.513578 0.64147 0.575882 0.602512 0.563171 0.582184 0.772915
4 0.0595852 0.188059 0.0736406 0.187539 0.0725769 0.158768 0.0585215 0.159288 0.768878
4 0.250924 0.285417 0.258268 0.272402 0.235243 0.259411 0.227899 0.272426 0.761183
4 0.18239 0.599936 0.199135 0.59569 0.1803 0.521406 0.163555 0.525652 0.760813
4 0.42006 0.431953 0.452426 0.422384 0.422161 0.320013 0.389795 0.329582 0.753938
4 0.211881 0.2829 0.226381 0.283607 0.227704 0.256483 0.213204 0.255775 0.751021
4 0.416582 0.606249 0.432216 0.584944 0.365581 0.536049 0.349947 0.557354 0.745626
4 0.0463129 0.221097 0.0597384 0.219384 0.0555327 0.18643 0.0421072 0.188143 0.731634
4 0.104691 0.247217 0.118917 0.248015 0.120696 0.216316 0.10647 0.215518 0.729033
4 0.0454957 0.399337 0.0629609 0.398176 0.0600701 0.354652 0.0426048 0.355812 0.726892
0 0.863217 0.0829896 0.874293 0.074264 0.844603 0.036575 0.833527 0.0453007 0.709997
4 0.00608811 0.407558 0.0210832 0.399715 0.00354139 0.366178 -0.0114537 0.374021 0.7097
4 0.202534 0.358899 0.215294 0.360735 0.219146 0.333955 0.206387 0.33212 0.707222
4 0.328396 0.283324 0.332135 0.298393 0.369824 0.289043 0.366086 0.273974 0.70543
4 0.0886448 0.374347 0.103292 0.374366 0.103327 0.346256 0.0886806 0.346237 0.695242
4 0.491391 0.601273 0.503275 0.621558 0.572019 0.581285 0.560136 0.561001 0.690864
4 0.0890871 0.328469 0.102196 0.329856 0.105001 0.303356 0.0918922 0.301968 0.690614
4 0.230111 0.493644 0.244644 0.496656 0.253502 0.453916 0.238969 0.450904 0.688723
4 0.144436 0.269205 0.158055 0.270443 0.160505 0.24347 0.146886 0.242233 0.685565
4 0.511639 0.295357 0.518027 0.280942 0.49145 0.269165 0.485062 0.283581 0.684175
0 0.914702 0.281804 0.921906 0.292674 0.940829 0.280134 0.933624 0.269263 0.678083
4 0.0458502 0.172 0.0574412 0.1718 0.0569832 0.145158 0.0453922 0.145358 0.657742
0 0.819229 0.147509 0.827823 0.137572 0.795078 0.109252 0.786483 0.11919 0.655539
4 0.147273 0.338318 0.159745 0.340414 0.164018 0.314988 0.151546 0.312892 0.655466
0 0.875308 0.0422108 0.886347 0.0530745 0.91837 0.0205329 0.90733 0.00966918 0.653891
0 0.931064 0.270167 0.937959 0.282274 0.958648 0.270489 0.951753 0.258383 0.644393
4 0.184016 0.340078 0.195935 0.335338 0.18669 0.312091 0.174771 0.316831 0.639284
4 0.0239874 0.23678 0.0357957 0.233102 0.0279291 0.207843 0.0161208 0.211521 0.633111
4 0.0998914 0.176845 0.112889 0.172639 0.102287 0.139877 0.0892892 0.144084 0.605464
0 0.904146 0.0669157 0.916085 0.0773695 0.945644 0.0436116 0.933706 0.0331577 0.601763
