4 0.856139 0.680427 0.859184 0.6989 0.91772 0.689252 0.914676 0.670779 0.853955
4 0.871136 0.731144 0.876468 0.751826 0.939615 0.735545 0.934282 0.714863 0.810694
0 0.754487 0.210224 0.764513 0.20557 0.755577 0.186323 0.745551 0.190977 0.769626
0 0.800497 0.192849 0.810208 0.187666 0.799642 0.167869 0.78993 0.173053 0.755707
4 0.529773 0.686923 0.549948 0.680118 0.522245 0.597988 0.50207 0.604793 0.754976
4 0.763767 0.678449 0.767964 0.698988 0.842672 0.683721 0.838475 0.663182 0.748287
0 0.941486 0.185085 0.947514 0.195989 0.967832 0.184755 0.961804 0.173851 0.747516
0 0.906313 0.122413 0.913382 0.134469 0.935437 0.121538 0.928369 0.109482 0.737208
0 0.954001 0.104883 0.96562 0.108287 0.972008 0.0864813 0.960389 0.0830778 0.722081
0 0.911016 0.341764 0.922906 0.348 0.937702 0.31979 0.925812 0.313553 0.716482
0 0.957393 0.214897 0.965052 0.226615 0.991853 0.209099 0.984194 0.19738 0.715906
4 0.876376 0.747485 0.880527 0.7656 0.939547 0.752076 0.935396 0.733961 0.712444
4 0.1183 0.873614 0.169902 0.848719 0.10518 0.714561 0.0535777 0.739455 0.702704
4 0.770374 0.696864 0.77481 0.716898 0.849171 0.700432 0.844734 0.680397 0.666933
0 0.040128 0.626403 0.0440279 0.637777 0.0649159 0.630614 0.0610161 0.619241 0.663043
4 0.502215 0.702165 0.53164 0.692797 0.489603 0.560763 0.460178 0.570131 0.661108
0 0.945251 0.207961 0.95181 0.218645 0.97709 0.203125 0.970532 0.192441 0.65008
0 0.416012 0.387974 0.426403 0.384646 0.420255 0.365452 0.409864 0.36878 0.649739
0 0.736962 0.221215 0.746749 0.216358 0.737475 0.197675 0.727689 0.202532 0.645103
4 0.468042 0.712133 0.503032 0.700629 0.474844 0.61489 0.439854 0.626393 0.634362
0 0.622011 0.308168 0.632105 0.30252 0.622221 0.284855 0.612126 0.290504 0.628999
0 0.394633 0.321482 0.406271 0.317266 0.398018 0.294481 0.38638 0.298696 0.62452
0 0.435021 0.109823 0.443483 0.104759 0.434332 0.0894689 0.425871 0.094533 0.622468
0 0.700436 0.238936 0.711332 0.234231 0.702407 0.213563 0.691512 0.218267 0.621999
0 0.44448 0.107234 0.452932 0.102035 0.442334 0.0848055 0.433882 0.0900045 0.615766
0 0.417191 0.440808 0.428505 0.444205 0.435144 0.422091 0.42383 0.418694 0.613264
0 0.978316 0.254655 0.987502 0.264779 1.00717 0.246933 0.997984 0.236809 0.60143
