4 0.806921 0.722103 0.824972 0.716504 0.802812 0.64507 0.784761 0.65067 0.89148
4 0.821918 0.714516 0.839002 0.70924 0.817857 0.64077 0.800773 0.646046 0.879519
4 0.621981 0.633584 0.636022 0.623424 0.612306 0.59065 0.598266 0.60081 0.872373
4 0.8383 0.715875 0.855548 0.711185 0.834491 0.633759 0.817244 0.638449 0.865049
4 0.788296 0.731154 0.809098 0.725103 0.786023 0.645777 0.765222 0.651827 0.85484
4 0.488672 0.667901 0.50278 0.646587 0.44672 0.609481 0.432612 0.630796 0.83647
4 0.792498 0.529359 0.806201 0.522795 0.790485 0.48999 0.776783 0.496554 0.833953
4 0.775965 0.466298 0.789211 0.461249 0.776064 0.426756 0.762818 0.431804 0.832281
4 0.978582 0.495095 0.994703 0.490717 0.984228 0.452148 0.968108 0.456526 0.832141
4 0.906318 0.529248 0.920782 0.524932 0.911485 0.493774 0.897021 0.49809 0.830803
4 0.751047 0.716613 0.764508 0.717342 0.767045 0.670513 0.753585 0.669784 0.828875
4 0.637475 0.427311 0.649908 0.421286 0.635821 0.392217 0.623388 0.398243 0.810962
4 0.305945 0.397199 0.320468 0.389958 0.302745 0.354416 0.288222 0.361657 0.801571
4 0.764378 0.54479 0.776832 0.538018 0.760983 0.508873 0.74853 0.515645 0.796869
4 0.656186 0.577369 0.658697 0.563032 0.627235 0.557522 0.624724 0.571858 0.796574
4 0.73481 0.712806 0.749263 0.713454 0.75126 0.668884 0.736807 0.668236 0.794217
4 0.808842 0.47202 0.822252 0.466046 0.807925 0.433882 0.794515 0.439855 0.781877
4 0.334942 0.510288 0.351832 0.511142 0.353582 0.476532 0.336692 0.475678 0.776966
4 0.84152 0.560227 0.85728 0.556832 0.847344 0.510711 0.831584 0.514106 0.770567
4 0.962003 0.18615 0.976429 0.185742 0.975677 0.159198 0.961251 0.159607 0.768334
4 0.607774 0.473433 0.618859 0.466201 0.604243 0.443799 0.593158 0.451031 0.766458
4 0.704738 0.477464 0.716694 0.469626 0.701458 0.446387 0.689502 0.454226 0.764729
4 0.280177 0.315478 0.294789 0.307008 0.27133 0.266533 0.256718 0.275002 0.764329
4 0.512628 0.519562 0.52313 0.507312 0.491022 0.479787 0.48052 0.492038 0.762699
4 0.776609 0.432833 0.790484 0.426282 0.772324 0.387818 0.758449 0.394369 0.761788
4 0.514152 0.364678 0.528762 0.360152 0.518067 0.325635 0.503458 0.330162 0.75945
4 0.79357 0.37136 0.803475 0.361067 0.77953 0.338023 0.769624 0.348316 0.757074
4 0.676546 0.0706536 0.691282 0.0644642 0.677217 0.0309781 0.662481 0.0371675 0.756558
4 0.906805 0.404689 0.92107 0.398296 0.904874 0.362158 0.890609 0.368551 0.754521
4 0.628303 0.54115 0.64158 0.537703 0.633293 0.505779 0.620016 0.509226 0.754118
4 0.836282 0.387992 0.850881 0.388171 0.851207 0.361545 0.836609 0.361366 0.74069
4 0.37286 0.291557 0.384512 0.282902 0.3664 0.258517 0.354748 0.267172 0.73746
4 0.907614 0.0751318 0.921804 0.0726985 0.916875 0.0439564 0.902685 0.0463897 0.734369
4 0.553831 0.474333 0.567201 0.471664 0.560984 0.440518 0.547614 0.443187 0.720849
4 0.375943 0.483028 0.385341 0.47285 0.363265 0.452468 0.353867 0.462646 0.718992
4 0.69574 0.42052 0.708318 0.416364 0.698367 0.386257 0.68579 0.390414 0.710765
4 0.87456 0.33082 0.886609 0.327453 0.879461 0.301873 0.867412 0.30524 0.710244
4 0.848016 0.460895 0.862979 0.465901 0.873267 0.435153 0.858304 0.430147 0.705157
4 0.473275 0.252722 0.489792 0.246901 0.47823 0.214091 0.461712 0.219912 0.700805
4 0.882122 0.127945 0.893266 0.121213 0.878988 0.0975772 0.867844 0.10431 0.699091
4 0.63613 0.0899739 0.649935 0.0892172 0.648496 0.0629722 0.634692 0.0637289 0.698738
4 0.72163 0.708142 0.736228 0.708564 0.73717 0.675946 0.722572 0.675524 0.69805
4 0.949179 0.221856 0.962612 0.219553 0.956649 0.184775 0.943216 0.187078 0.688421
4 0.710319 0.353466 0.723769 0.349553 0.714002 0.315979 0.700552 0.319891 0.672526
4 0.482949 0.394075 0.495395 0.38971 0.486366 0.363963 0.47392 0.368328 0.667629
4 0.410542 0.271728 0.424065 0.266337 0.40926 0.229201 0.395737 0.234592 0.66374
4 0.369474 0.455241 0.380085 0.44952 0.368289 0.427643 0.357678 0.433364 0.65841
4 0.354191 0.166018 0.36946 0.160605 0.354049 0.117137 0.338781 0.122551 0.657428
4 0.641208 0.322713 0.655053 0.317683 0.642609 0.283431 0.628764 0.288461 0.655105
4 0.268268 0.484052 0.281425 0.477945 0.266273 0.445297 0.253115 0.451403 0.651236
4 0.753708 0.229422 0.76516 0.224034 0.754022 0.200364 0.74257 0.205753 0.646252
4 0.2987 0.543981 0.308343 0.534215 0.287424 0.513561 0.277782 0.523327 0.64488
4 0.751607 0.380358 0.763497 0.376394 0.755087 0.351169 0.743197 0.355134 0.639169
4 0.847158 0.318691 0.858334 0.312788 0.845863 0.289177 0.834687 0.295079 0.63474
4 0.597101 0.426439 0.611251 0.425777 0.609887 0.396644 0.595737 0.397306 0.630638
4 0.274209 0.158726 0.290689 0.152006 0.271928 0.105993 0.255448 0.112712 0.629235
4 0.947575 0.171108 0.961493 0.171 0.961278 0.143275 0.94736 0.143383 0.628384
4 0.531002 0.250071 0.543345 0.26062 0.573672 0.225134 0.561328 0.214585 0.619426
4 0.997473 0.594049 1.01073 0.585113 0.992497 0.558067 0.979241 0.567003 0.617554
4 0.87159 0.349629 0.875708 0.364759 0.920072 0.352685 0.915954 0.337554 0.611884
4 0.574335 0.556878 0.58892 0.552962 0.579448 0.517691 0.564863 0.521607 0.605474
4 0.564782 0.509282 0.576318 0.503682 0.564146 0.478603 0.552609 0.484202 0.603046
