0 0.491444 0.160645 0.497138 0.151532 0.480061 0.140863 0.474368 0.149975 0.814961
0 0.43184 0.171011 0.439029 0.163234 0.423097 0.148509 0.415908 0.156286 0.796926
0 0.513377 0.120872 0.519555 0.111693 0.503577 0.10094 0.4974 0.110119 0.791069
0 0.526069 0.10694 0.531715 0.0992502 0.516343 0.0879619 0.510697 0.0956512 0.771597
0 0.39755 0.291891 0.407458 0.292393 0.408363 0.274499 0.398455 0.273998 0.769675
0 0.441575 0.152421 0.448353 0.145393 0.436429 0.133893 0.429651 0.140921 0.76137
0 0.254366 0.0835459 0.265328 0.0749139 0.235166 0.0366104 0.224204 0.0452425 0.737325
0 0.501976 0.14561 0.508385 0.137091 0.492014 0.124776 0.485606 0.133296 0.708694
0 0.490229 0.284564 0.49894 0.27911 0.487835 0.261375 0.479124 0.266829 0.70482
0 0.266072 0.0423735 0.276805 0.0529928 0.308699 0.0207581 0.297967 0.0101387 0.702972
0 0.209057 0.147828 0.218172 0.137495 0.186877 0.109888 0.177762 0.120221 0.693556
0 0.437496 0.160376 0.443541 0.153918 0.430411 0.141628 0.424366 0.148086 0.693117
0 0.465219 0.121145 0.476001 0.122272 0.478014 0.103016 0.467231 0.101889 0.685499
0 0.469918 0.191067 0.475498 0.183527 0.461474 0.173149 0.455894 0.180688 0.67782
0 0.305684 0.281857 0.312583 0.292242 0.330588 0.28028 0.323689 0.269896 0.672628
0 0.478655 0.180486 0.484338 0.171424 0.468401 0.161429 0.462718 0.17049 0.650214
0 0.513558 0.0726246 0.522857 0.0782538 0.533345 0.0609273 0.524046 0.0552982 0.650101
0 0.530801 0.0845631 0.539818 0.0888904 0.54864 0.0705074 0.539622 0.06618 0.630161
