4 -0.00563973 0.725039 -0.00105842 0.743529 0.0367602 0.734159 0.0321789 0.715669 0.846882
4 -0.00597137 0.744765 -0.000588706 0.763473 0.0389134 0.752108 0.0335307 0.7334 0.753508
0 0.0551838 0.216049 0.0621613 0.226282 0.0878961 0.208735 0.0809186 0.198502 0.729907
0 0.115618 0.917181 0.125856 0.91451 0.120856 0.895352 0.110619 0.898024 0.714261
0 0.0520836 0.104886 0.0630859 0.108596 0.0704323 0.0868102 0.05943 0.0831002 0.69472
0 0.00242218 0.124492 0.00966642 0.136076 0.0318113 0.122227 0.0245671 0.110644 0.688085
0 0.077562 0.253808 0.0868447 0.264484 0.111718 0.242855 0.102436 0.232179 0.659405
0 0.0398345 0.184791 0.0453058 0.195083 0.0656363 0.184275 0.060165 0.173983 0.638847
0 0.0443124 0.207252 0.050214 0.216978 0.074214 0.202414 0.0683125 0.192688 0.619146
0 0.00807134 0.341877 0.0196747 0.34809 0.0350365 0.319397 0.0234331 0.313185 0.611914
4 -0.000878648 0.697032 0.00267367 0.714478 0.0561365 0.703592 0.0525841 0.686146 0.605392
4 0.0141422 0.673968 0.0187635 0.690076 0.0514378 0.680702 0.0468165 0.664594 0.602438
